1196
1652
2104
2557
3003
3424
3827
4212
4591
4977
5379
5794
6220
6642
7061
7457
7836
8230
8641
9063
9490
9910
10298
10685
11086
11491
11920
12355
12784
13222
13659
14012
14399
14810
15239
15683
16130
16549
16936
17323
17724
18145
18574
19011
19449
19885
20297
20675
21052
21454
21876
22313
22732
23126
23522
23950
24403
24849
25302
25722
26109
26503
26908
27328
27747
28149
28610
28957
29394
29844
30300
30726
31115
31499
31903
32323
32752
33188
33607
33992
34388
34808
35228
35624
36034
36463
36892
37294
37674
38077
38504
38934
39321
39724
40111
40479
40843
41212
41594
41993
42406
42835
43238
43616
44010
44439
44877
45315
45726
46113
46493
46902
47332
47770
48222
48659
49055
49443
49853
50281
50720
51156
51577
51972
52359
52753
53158
53585
54023
54454
54889
55308
55694
56081
56470
56887
57312
57739
58168
58580
58973
59345
59737
60141
60545
60949
61362
61764
62149
62521
62896
63291
63696
64117
64538
64956
65376
65788
66184
66563
66940
67317
67714
68125
68537
68957
69370
69789
70186
70570
70942
71326
71723
72150
72556
72948
73330
73731
74150
74581
75018
75454
75891
76296
76682
77060
77440
77837
78255
78684
79119
79548
79976
80398
80804
81189
81569
81972
82389
82844
83316
83753
84164
84562
84972
85394
85830
86251
86652
87040
87452
87886
88325
88771
89183
89571
89956
90360
90779
91224
91670
92122
92578
93001
93401
93789
94193
94614
95051
95498
95951
96369
96756
97135
97521
97931
98369
98816
99261
99707
100145
100919
101314
101734
102170
102607
103037
103474
103916
104331
104727
105113
105509
105934
106391
106875
107338
107785
108215
108611
108996
109381
109778
110205
110669
111152
111636
112082
112496
112914
113343
113782
114227
114672
115110
115521
115915
116302
116714
117143
117573
118001
118430
118834
119218
119596
119989
120403
120832
121261
121696
122125
122522
122905
123286
123689
124097
124510
124930
125352
125754
126133
126518
126912
127324
127746
128168
128594
129022
129426
129812
130196
130593
131013
131437
131867
132281
132676
133061
133463
133875
134287
134699
135118
135514
135898
136269
136647
137047
137470
137892
138319
138748
139160
139545
139924
140302
140689
141094
141498
141908
142319
142715
143099
143476
143856
144251
144654
145064
145469
145880
146277
146653
147022
147402
147797
148210
148623
149043
149443
149823
