281
661
1047
1449
1869
2290
2677
3088
3508
3905
4309
4727
5123
5518
5922
6334
6755
7173
7552
7940
8335
8755
9175
9587
9966
10345
10739
11143
11564
11976
12385
12766
13145
13547
13933
14312
14683
15120
15431
15801
16146
16515
16877
17231
17610
17996
18358
18736
19124
19510
19880
20283
20652
21025
21411
21797
22185
22579
22942
23319
23722
24136
24565
25002
25413
25792
26178
26590
27010
27438
27834
28228
28633
29060
29497
29933
30346
30731
31126
31530
31966
32404
32866
33302
33713
34108
34512
34931
35361
35797
36242
36662
37049
37444
37856
38284
38721
39157
39601
40022
40408
40794
41190
41617
42046
42499
42945
43398
43810
44197
44592
44996
45415
45862
46322
46776
47189
47584
47977
48383
48796
49231
49659
50064
50458
50845
51240
51660
52081
52509
52939
53342
53728
54115
54519
54931
55353
55781
56216
56611
56990
57386
57797
58217
58645
59082
59519
59931
60317
60703
61099
61519
61963
62392
62837
63257
63652
64039
64434
64862
65292
65727
66157
66560
66953
67357
67762
68188
68619
69029
69416
69812
70231
70651
71072
71499
71904
72289
72659
73053
73449
73861
74273
74692
75078
75464
75859
76279
76690
77102
77512
77900
78278
78666
79075
79480
79891
80303
80714
81093
81470
81857
82251
82648
83051
83463
83858
84237
84623
85010
85422
85866
86328
86792
87246
87673
88069
88456
88851
89279
89733
90197
90667
91111
91549
91960
92347
92734
93129
93550
94003
94490
94987
95448
95869
96279
96685
97112
97549
98003
98442
98885
99291
99684
100080
100499
100928
101365
101804
102248
102668
103063
103434
103820
104216
104637
105072
105512
105964
106409
106823
107216
107594
107975
108385
108807
109243
109681
110117
110521
110908
111295
111698
112111
112540
112968
113397
113825
114253
114656
115043
115414
115800
116195
116614
117043
117473
117909
118346
118751
119138
119534
119953
120384
120819
121257
121704
122130
122518
122905
123300
123704
124133
124562
124982
125411
125814
126193
126571
126958
127354
127773
128194
128597
128976
129362
129757
130161
130572
130985
131410
131798
132177
132563
132973
133385
133780
134167
134570
134982
135401
135796
136175
136561
136956
137360
137772
138191
138594
138972
139352
139747
140150
140555
140967
141361
141724
142102
142496
142900
143312
143700
144085
144473
144875
145297
145742
146180
146617
147054
147450
147826
148204
148593
148995
149407
149819
