732
1136
1529
1908
2296
2692
3085
3482
3866
4239
4631
5031
5437
5835
6218
6598
6980
7373
7769
8156
8534
8908
9295
9682
10071
10458
10832
11203
11589
11985
12381
12786
13179
13560
13952
14346
14744
15148
15542
15925
16306
16708
17104
17513
17918
18306
18701
19104
19513
19919
20316
20703
21095
21498
21903
22313
22719
23111
23492
23887
24290
24700
25103
25493
25867
26240
26627
27024
27428
27827
28218
28609
29003
29399
29799
30195
30580
30960
31349
31749
32151
32551
32951
33333
33715
34111
34514
34925
35337
35735
36119
36507
36902
37290
37687
38081
38467
38852
39240
39637
40033
40433
40817
41198
41578
41964
42349
42734
43113
43485
43857
44243
44638
45042
45435
45824
46199
46563
46937
47316
47706
48092
48463
48826
49188
49555
49927
50303
50682
51052
51419
51785
52168
52556
52938
53315
53677
54040
54413
54784
55154
55521
55879
56230
56584
56946
57315
57680
58049
58408
58764
59132
59496
59865
60233
60588
60944
61311
61688
62068
62439
62799
63156
63521
63879
64246
64604
64960
65320
65687
66058
66429
66791
67143
67507
67866
68230
68594
68955
69322
69694
70070
70441
70809
71163
71517
71878
72248
72617
72980
73341
73704
74077
74452
74823
75188
75543
75900
76268
76635
76998
77369
78008
79157
79652
80254
80359
81352
81730
82106
82470
82848
83238
83637
84024
84495
85563
85955
86345
86747
87086
87462
87840
88217
88579
88932
89501
89747
90084
91273
91621
92078
92400
92573
93189
93642
94035
94401
94663
95467
95962
96241
96601
97005
97759
98184
98571
98911
99239
99711
100140
100504
100855
101171
101561
102081
102500
102801
103197
103489
104001
104332
104706
105079
105482
105890
106262
106586
106960
107346
107774
108103
108439
108844
109241
109555
109912
110396
110724
111103
111468
111840
112139
112651
113096
113459
113882
114205
114649
114977
115369
115795
116569
116943
117716
118089
118479
118841
119207
119558
119925
120323
120771
121136
121501
122273
122593
123036
123409
123764
124147
124493
124876
125282
125632
125989
126392
126701
127083
128186
128527
128943
129307
129673
130032
130419
130731
131114
131505
131839
132570
133306
133664
134089
134454
134827
135232
135595
136008
136382
136753
137127
137531
137886
138298
138635
139403
139763
140126
142001
142339
142756
143143
143494
144228
144622
146416
146798
147140
148585
148954
