858
1270
1698
2118
2521
2908
3312
3732
4169
4581
4975
5404
5816
6236
6639
7018
7428
7850
8270
8690
9093
9479
9874
10286
10698
11118
11529
11924
12329
12749
13170
13589
13984
14371
14783
15195
15599
16001
16381
16759
17154
17557
17968
18364
18743
19129
19549
19953
20365
20769
21140
21542
21946
22349
22761
23156
23527
23922
24325
24737
25133
25519
25915
26326
26738
27150
27538
27917
28312
28723
29127
29531
29933
30321
30718
31137
31557
31978
32382
32769
33164
33568
33988
34410
34821
35215
35627
36040
36461
36881
37302
37704
38092
38512
38941
39368
39783
40177
40572
40976
41395
41809
42229
42632
43018
43422
43841
44262
44665
45044
45430
45841
46255
46666
47076
47464
47858
48262
48665
49084
49472
49849
50236
50639
51042
51438
51823
52209
52613
53024
53436
53831
54208
54595
54991
55410
55830
56241
56628
57014
57418
57829
58233
58652
59048
59418
59804
60208
60611
61014
61408
61778
62158
62569
62980
63384
63787
64164
64542
64929
65331
65726
66121
66499
66885
67289
67709
68121
68531
68910
69298
69693
70095
70483
70853
71231
71633
72030
72433
72821
73198
73593
73997
74401
74795
75174
75561
75964
76368
76779
77175
77554
77941
78329
78732
79135
79522
79902
80296
80692
81087
81491
81870
82248
82635
83038
83434
83830
84224
84602
84990
85401
85814
86218
86621
87008
87395
87806
88211
88623
89025
89405
89800
90204
90615
91029
91423
91802
92205
92608
93004
93407
93795
94181
94568
94963
95367
95770
96166
96569
96947
97343
97746
98166
98577
98990
99394
99798
100185
100562
100957
101377
101806
102218
102621
103007
103402
103806
104208
104620
105031
105436
105837
106232
106637
107048
107460
107879
108267
108652
109049
109453
109863
110274
110670
111049
111444
111856
112267
112663
113066
113445
113832
114226
114640
115076
115487
115883
116287
116707
117128
117539
117933
118320
118724
119136
119557
119968
120355
120758
121161
121573
121993
122396
122783
123179
123583
123994
124397
124783
125188
125600
126012
126424
126819
127205
127608
128020
128432
128826
129213
129617
130028
130441
130852
131246
131642
132054
132473
132878
133273
133677
134113
134543
134971
135375
135779
136199
136628
137056
137469
137863
138275
138680
139109
139513
139916
140336
140764
141192
141598
142000
142413
142833
143260
143672
144068
144471
144883
145311
145723
146125
146529
146958
147386
147797
148193
148604
149008
149428
149831
