296
733
1184
1631
2080
2527
2971
3411
3839
4267
4711
5157
5594
6030
6476
6928
7364
7801
8245
8691
9121
9557
10000
10440
10876
11321
11773
12229
12664
13110
13551
13980
14396
14816
15243
15653
16057
16490
16916
17337
17766
18184
18602
19026
19455
19879
20295
20722
21152
21585
22006
22431
22872
23312
23757
24207
24654
25101
25552
25982
26411
26845
27277
27712
28150
28584
29019
29456
29882
30310
30747
31181
31616
32061
32495
32920
33360
33795
34219
34642
35076
35508
35929
36363
36799
37238
37677
38122
38572
39004
39440
39880
40324
40759
41187
41620
42057
42480
42896
43321
43745
44159
44583
45013
45443
45862
46290
46721
47155
47578
48007
48445
48876
49303
49738
50178
50621
51066
51504
51933
52370
52809
53252
53691
54136
54564
54992
55422
55853
56287
56708
57137
57574
57996
58418
58844
59274
59692
60113
60548
60980
61415
61844
62274
62686
63098
63516
63931
64351
64779
65205
65619
66041
66468
66886
67292
67711
68132
68551
68964
69386
69821
70250
70666
71092
71523
71958
72378
72798
73228
73662
74083
74511
74950
75394
75840
76289
76742
77195
77643
78093
78542
78994
79448
79904
80364
80801
81245
81691
82121
82540
82962
83390
83809
84223
84650
85077
85502
85918
86332
86758
87171
87577
87997
88432
88855
89279
89711
90151
90579
91008
91450
91896
92326
92762
93209
93661
94099
94534
94973
95424
95855
96294
96745
97193
97628
98067
98520
98957
99400
99848
100301
100746
101197
101640
102070
102519
102966
103420
103857
104296
104743
105196
105639
106084
106533
106992
107429
107858
108279
108726
109171
109617
110062
110502
110939
111376
111811
112241
112669
113099
113520
113932
114351
114778
115201
115620
116047
116479
116915
117344
117770
118196
118623
119052
119488
119925
120361
120785
121221
121663
122095
122522
122960
123400
123842
124271
124714
125161
125601
126033
126477
126922
127359
127789
128232
128678
129116
129551
129991
130443
130889
131326
131773
132226
132682
133122
133554
133998
134445
134884
135319
135764
136218
136673
137128
137587
138025
138456
138895
139331
139760
140194
140631
141053
141467
141903
142348
142785
143224
143669
144091
144511
144962
145416
145837
146241
146655
147080
147502
147923
148352
148780
149200
149621
