970
1431
1884
2330
2799
3270
3742
4202
4657
5135
5614
6077
6548
7035
7522
7992
8464
8959
9447
9917
10387
10866
11347
11809
12279
12759
13247
13709
14155
14602
15071
15526
15964
16417
16888
17351
17813
18276
18720
19159
19613
20073
20512
20958
21419
21881
22327
22757
23203
23665
24127
24582
25044
25490
25935
26397
26860
27313
27759
28221
28693
29171
29618
30071
30533
31004
31458
31911
32366
32837
33290
33735
34189
34652
35115
35568
36021
36476
36945
37391
37838
38299
38769
39232
39670
40122
40577
41030
41468
41906
42368
42821
43259
43704
44158
44597
45033
45471
45917
46345
46775
47219
47658
48086
48516
48960
49398
49827
50264
50709
51146
51568
52004
52441
52887
53316
53762
54215
54677
55114
55559
56007
56459
56921
57358
57802
58248
58701
59163
59600
60046
60499
60953
61406
61851
62305
62758
63211
63655
64084
64528
64973
65419
65862
66292
66744
67206
67660
68106
68558
69021
69474
69911
70356
70802
71247
71676
72106
72549
72988
73417
73846
74291
74737
75167
75603
76041
76487
76924
77354
77800
78254
78699
79129
79574
80020
80466
80895
81333
81779
82223
82644
83080
83518
83947
84361
84789
85218
85653
86074
86504
86957
87395
87832
88269
88715
89177
89623
90068
90514
90967
91405
91834
92263
92707
93153
93589
94034
94488
94933
95370
95808
96253
96690
97109
97513
97942
98404
98841
99284
99731
100185
100646
101091
101545
101998
102460
102905
103343
103796
104250
104694
105123
105559
105997
106442
106870
107299
107744
108182
108619
109055
109500
109947
110401
110846
111291
111745
112199
112629
113065
113502
113938
114359
114796
115233
115670
116083
116510
116940
117360
117754
118150
118562
118966
119352
119747
120184
120596
120983
121412
121799
122244
122655
123059
123479
123917
124345
124774
125204
125623
126035
126464
126884
127289
127700
128129
128550
128962
129381
129803
130223
130635
131055
131483
131920
132340
132760
133197
133635
134063
134491
134920
135359
135795
136233
136660
137081
137510
137948
138384
138805
139235
139679
140108
140528
140965
141394
141814
142236
142655
143068
143496
143917
144319
144723
145153
145590
146002
146423
146866
147297
147725
148144
148565
148995
149422
149834
