54
422
780
1179
1596
1990
2368
2729
3084
3452
3861
4274
4664
5032
5397
5776
6151
6495
6829
7164
7499
7836
8183
8564
8955
9327
9686
10043
10434
10848
11245
11617
11979
12380
12795
13192
13562
13920
14316
14727
15115
15487
15885
16314
16730
17107
17465
17846
18246
18636
18991
19338
19711
20104
20484
20840
21190
21559
21934
22299
22655
23036
23462
23876
24247
24627
25026
25426
25808
26183
26581
27005
27404
27771
28124
28482
28890
29309
29707
30083
30449
30828
31229
31630
32010
32373
32757
33162
33546
33903
34272
34667
35067
35435
35809
36197
36602
36997
37366
37737
38126
38508
38874
39244
39636
40031
40396
40756
41145
41557
41941
42308
42678
43084
43489
43872
44233
44586
44960
45371
45778
46161
46519
46884
47277
47673
48036
48400
48798
49195
49555
49904
50265
50627
50968
51297
51618
51944
52281
52629
52976
53318
53654
53997
54366
54736
55087
55424
55768
56139
56524
56894
57245
57600
57986
58371
58752
59117
59481
59872
60257
60634
60984
61329
61691
62105
62511
62888
63242
63587
63946
64356
64766
65142
65506
65897
66303
66704
67074
67442
67857
68272
68656
69019
69391
69799
70204
70586
70947
71317
71722
72127
72497
72863
73266
73703
74094
74459
74813
75189
75607
76029
76426
76787
77141
77525
77930
78313
78675
79030
79423
79851
80260
80636
80990
81345
81724
82136
82529
82895
83263
83661
84070
84449
84818
85221
85645
86034
86410
86829
87279
87702
88086
88466
88887
89298
89678
90040
90417
90806
91194
91574
91943
92319
92734
93142
93529
93886
94241
94629
95019
95404
95771
96150
96561
96956
97321
97695
98090
98466
98831
99211
99623
100034
100400
100767
101159
101564
101930
102287
102661
103051
103449
103818
104180
104567
104976
105348
105706
106079
106463
106838
107195
107548
107941
108343
108713
109067
109432
109817
110187
110539
110895
111284
111671
112036
112398
112792
113180
113542
113894
114262
114650
115034
115395
115748
116127
116535
116910
117265
117633
118021
118410
118776
119149
119539
119921
120280
120640
120992
121326
121653
121979
122303
122633
122973
123314
123646
123977
124314
124673
125035
125380
125715
126048
126378
126742
127133
127521
127899
128258
128598
128944
129311
129685
130050
130400
130755
131137
131517
131884
132240
132607
132992
133385
133742
134090
134453
134826
135200
135556
135907
136277
136650
137011
137359
137709
138076
138449
138810
139163
139536
139915
140273
140628
141002
141381
141739
142090
142462
142846
143213
143569
143939
144333
144711
145075
145454
145847
146222
146581
146949
147339
147707
148062
148423
148799
149159
149521
149763
149901
