98
475
841
1219
1608
1978
2348
2741
3145
3519
3915
4340
4722
5104
5522
5937
6333
6735
7153
7535
7899
8283
8677
9049
9411
9807
10206
10578
10942
11326
11698
12051
12391
12724
13057
13403
13767
14125
14472
14815
15171
15533
15885
16230
16582
16963
17357
17732
18089
18469
18861
19236
19592
19956
20350
20750
21126
21511
21918
22325
22696
23079
23494
23890
24267
24677
25140
25550
25940
26369
26788
27173
27576
28026
28420
28837
29266
29665
30041
30446
30864
31241
31638
32057
32433
32804
33190
33578
33941
34324
34731
35105
35464
35842
36234
36606
36971
37374
37787
38161
38520
38898
39313
39698
40058
40427
40827
41229
41599
41968
42362
42764
43131
43497
43910
44327
44697
45066
45476
45887
46261
46632
47047
47473
47852
48222
48630
49055
49441
49812
50205
50614
50994
51363
51752
52195
52610
52993
53369
53808
54250
54652
55024
55428
55870
56278
56659
57078
57511
57908
58285
58700
59112
59496
59895
60330
60723
61129
61573
61978
62360
62776
63227
63619
64030
64486
64909
65292
65694
66120
66510
66901
67330
67758
68139
68523
68941
69333
69699
70075
70496
70923
71303
71672
72080
72498
72885
73260
73667
74090
74477
74878
75316
75716
76096
76524
76958
77354
77767
78202
78591
79000
79455
79858
80270
80715
81107
81498
81942
82367
82788
83218
83661
84056
84467
84905
85321
85707
86120
86563
86961
87362
87783
88175
88551
88974
89404
89787
90179
90575
90956
91321
91712
92122
92496
92860
93242
93631
93995
94363
94743
95112
95467
95840
96226
96599
96965
97345
97742
98109
98475
98861
99230
99595
99976
100389
100777
101155
101547
101972
102358
102731
103130
103519
103890
104280
104700
105075
105446
105851
106258
106629
106998
107396
107798
108178
108585
109028
109420
109812
110239
110624
111005
111425
111828
112207
112615
113053
113438
113825
114241
114629
114992
115381
115807
116192
116587
117034
117465
117846
118242
118673
119077
119471
119904
120348
120737
121140
121577
121977
122373
122791
123211
123602
124007
124443
124834
125220
125634
126019
126394
126806
127231
127629
128019
128447
128881
129272
129642
130076
130522
130911
131300
131711
132096
132457
132820
133171
133512
133867
134221
134567
134931
135307
135680
136035
136389
136779
137181
137567
137928
138294
138696
139104
139480
139839
140217
140624
141020
141385
141752
142173
142568
142947
143343
143796
144211
144592
144990
145393
145762
146133
146529
146943
147328
147695
148086
148492
148878
149239
149595
