92
482
865
1246
1641
2036
2424
2798
3183
3568
3950
4321
4703
5097
5494
5885
6272
6674
7084
7487
7875
8275
8679
9084
9477
9873
10275
10678
11080
11472
11870
12274
12678
13068
13457
13854
14247
14629
15004
15392
15788
16184
16574
16969
17371
17780
18176
18566
18970
19374
19777
20171
20571
20970
21371
21758
22148
22540
22934
23323
23700
24083
24472
24861
25244
25623
26017
26406
26797
27178
27556
27938
28320
28697
29059
29430
29804
30174
30529
30883
31278
31614
31981
32335
32696
33056
33423
33785
34136
34524
34869
35206
35567
35915
36273
36636
37003
37362
37712
38068
38426
38781
39134
39485
39847
40212
40586
40962
41327
41704
42085
42468
42840
43203
43575
43956
44337
44712
45083
45456
45828
46204
46565
46918
47280
47642
48010
48366
48720
49079
49441
49796
50146
50493
50846
51201
51553
51897
52239
52584
52929
53262
53592
53948
54301
54646
54991
55267
55629
55956
56310
56662
57002
57351
57697
58049
58395
58731
59077
59427
59777
60120
60455
60801
61152
61500
61847
62186
62530
62882
63233
63578
63914
64258
64607
64959
65311
65656
66008
66368
66724
67082
67430
67780
68136
68498
68851
69194
69536
69893
70241
70588
70924
71262
71606
71949
72287
72620
72957
73296
73631
73974
74309
74643
74983
75325
75667
76001
76331
76669
77010
77349
77685
78013
78353
78694
79036
79378
79712
80050
80393
80738
81080
81418
81754
82099
82449
82791
83123
83463
83805
84146
84476
84802
85130
85465
85800
86136
86459
86783
87119
87453
87791
88118
88446
88784
89125
89458
89783
90111
90457
90803
91148
91486
91827
92175
92526
92876
93213
93560
93913
94266
94610
94949
95296
95648
95941
96335
96679
97025
97371
97712
98044
98383
98721
99058
99392
99713
100041
100383
100728
101073
101416
101748
102082
102424
102767
103107
103441
103773
104113
104455
104798
105137
105471
105813
106150
106487
106823
107153
107493
107837
108182
108527
108860
109192
109537
109880
110223
110561
110893
111229
111573
111913
112253
112583
112909
113239
113574
113916
114252
114582
114909
115247
115590
115928
116262
116591
116934
117279
117621
117955
118283
118619
118959
119287
119611
119929
120255
120586
120916
121240
121555
121878
122205
122532
122862
123182
123500
123828
124151
124478
124796
125108
125428
125754
126078
126407
126726
127040
127361
127682
128009
128334
128652
128968
129295
129624
129953
130274
130591
130916
131239
131565
131887
132206
132534
132865
133197
133525
133848
134171
134503
134837
135166
135489
135813
136144
136478
136816
137155
137490
137825
138162
138504
138845
139177
139509
139850
140192
140540
140879
141215
141558
141905
142255
142599
142940
143278
143624
143976
144324
144660
145000
145352
145706
146059
146404
146749
147106
147462
147819
148166
148517
148872
149234
149588
