848
1219
1585
1958
2335
2715
3085
3454
3830
4208
4584
4952
5327
5704
6088
6478
6864
7243
7627
8013
8402
8782
9164
9553
9942
10321
10692
11076
11460
11842
12220
12596
12981
13368
13753
14131
14502
14881
15257
15636
16004
16372
16745
17118
17490
17857
18220
18589
18957
19320
19680
20044
20411
20775
21144
21502
21869
22234
22601
22961
23312
23677
24040
24401
24756
25114
25478
25843
26208
26566
26932
27306
27679
28051
28416
28786
29157
29533
29900
30257
30624
30998
31372
31745
32112
32475
32845
33218
33591
33959
34318
34689
35060
35438
35812
36172
36546
36925
37317
37703
38073
38455
38839
39223
39611
39985
40372
40763
41158
41548
41929
42314
42700
43093
43477
43848
44231
44614
44999
45376
45750
46136
46521
46898
47269
47650
48032
48415
48789
49157
49531
49902
50276
50638
51006
51384
51761
52141
52516
52885
53256
53633
54009
54378
54745
55118
55492
55868
56237
56602
56973
57348
57725
58093
58455
58826
59197
59569
59935
60289
60652
61017
61384
61759
62121
62474
62839
63208
63580
63946
64308
64684
65057
65437
65811
66177
66552
66932
67316
67691
68048
68417
68792
69162
69523
69877
70249
70623
71000
71367
71731
72111
72487
72864
73234
73598
73973
74345
74717
75074
75441
75806
76175
76534
76883
77238
77596
77955
78302
78661
79028
79397
79760
80113
80472
80829
81189
81549
81898
82244
82602
82962
83321
83667
84008
84363
84725
85087
85434
85778
86131
86490
86857
87216
87567
87932
88305
88686
89061
89424
89796
90171
90546
90909
91264
91631
92002
92380
92747
93114
93490
93869
94244
94609
94985
95363
95745
96124
96494
96871
97256
97645
98030
98420
98814
99214
99610
99993
100384
100771
101161
101542
101912
102291
102676
103059
103449
103832
104228
104627
105030
105424
105816
106213
106610
107010
107400
107788
108184
108580
108975
109360
109749
110140
110531
110914
111291
111674
112058
112442
112810
113175
113542
113906
114265
114611
114964
115320
115670
116016
116351
116682
117022
117366
117711
118059
118399
118734
119076
119417
119751
120085
120413
120742
121074
121415
121758
122102
122436
122764
123092
123428
123749
124074
124390
124700
125018
125341
125662
125982
126299
126606
126922
127241
127555
127875
128182
128482
128792
129100
129413
129726
130032
130339
130653
130977
131305
131622
131933
132245
132557
132869
133182
133490
133790
134104
134427
134752
135077
135393
135715
136052
136388
136728
137057
137392
137730
138076
138422
138762
139106
139460
139826
140190
140547
140913
141284
141659
142022
142381
142753
143124
143493
143851
144210
144582
144957
145322
145677
146046
146418
146791
147156
147516
147881
148254
148630
148997
149359
149731
