634
1369
1746
2121
2491
2874
3297
3701
4092
4475
4862
5250
5635
6006
6378
6760
7151
7532
7899
8270
8661
9053
9432
9796
10163
10541
10923
11296
11663
12036
12422
12812
13204
13579
13944
14308
14694
15085
15478
15852
16249
16661
17041
17424
17784
18188
18554
18933
19328
19721
20099
20464
20823
21190
21550
21902
22243
22578
22912
23247
23597
23954
24320
24679
25026
25377
25742
26112
26469
26828
27206
27576
27934
28295
28668
29036
29395
29758
30129
30515
30895
31268
31659
32060
32454
32838
33211
33586
33974
34357
34730
35095
35480
35880
36257
36637
37031
37416
37788
38167
38559
38937
39313
39696
40070
40434
40849
41192
41557
41930
42302
42666
43037
43400
43784
44216
44661
45071
45460
45873
46285
46669
47048
47424
47807
48179
48546
48898
49197
49619
49985
50380
50778
51183
51559
51954
52356
52759
53157
53568
53972
54360
54725
55152
55584
55954
56387
56784
57195
57982
58433
58847
59255
59695
60055
60467
60865
61266
61665
62060
62436
62809
63186
63573
63955
64325
64696
65072
65454
65822
66181
66551
66926
67296
67655
68029
68412
68777
69140
69516
69734
70260
70619
70979
71349
71716
72065
72414
72770
73119
73462
73815
74182
74540
74889
75250
75621
75986
76341
76689
77041
77396
77748
78096
78435
78778
79125
79478
79836
80188
80525
80858
81184
81517
81860
82218
82568
82910
83251
83603
83964
84320
84665
85020
85398
85769
86088
86527
86926
87304
87668
88025
88398
88768
89145
89517
89885
90239
90435
90915
91280
91652
92037
92419
92785
93092
93496
93825
94208
94453
95005
95304
95682
96084
96451
96843
97201
97561
97939
98145
98630
99003
99376
99744
100137
100497
100869
101244
101604
101960
102302
102697
103062
103431
103819
104007
104392
104869
105311
105687
106039
106373
106742
107105
107487
107834
108248
108621
108999
109370
109686
110084
110428
110778
111078
111455
111786
112082
112442
112761
112951
113436
113776
114148
114521
114837
115228
115548
115937
116294
116637
116986
117310
117715
118073
118439
118824
119208
119595
119968
120330
120690
121059
121427
121793
122050
122379
122538
122903
123289
123669
124042
124426
124793
125167
125522
125880
126251
126621
126980
127340
127702
127902
128416
128761
129099
129436
129778
130133
130487
130840
131203
131583
131968
132351
132708
133075
133425
133781
134144
134504
134858
135211
135574
135944
136314
136689
137055
137415
137767
138134
138511
138885
139266
139475
139822
140210
140747
141109
141495
141710
142224
142571
142934
143302
143672
144041
144403
144768
145144
145530
145915
146281
146642
146999
147358
147552
148068
148402
148733
149072
149416
149774
