393
808
1204
1597
2015
2429
2846
3264
3660
4041
4424
4824
5232
5637
6043
6463
6871
7254
7631
8004
8385
8761
9132
9512
9884
10249
10615
11001
11388
11767
12139
12507
12879
13250
13611
13968
14328
14691
15046
15398
15755
16121
16477
16826
17176
17535
17888
18235
18574
18911
19258
19605
19946
20284
20622
20969
21319
21657
21990
22325
22663
23003
23339
23673
24010
24356
24706
25045
25378
25715
26055
26393
26727
27063
27403
27741
28077
28408
28738
29073
29407
29742
30069
30396
30730
31063
31395
31717
32034
32347
32667
32992
33324
33659
33992
34324
34668
35026
35380
35722
36059
36405
36761
37108
37449
37786
38129
38482
38838
39180
39518
39869
40233
40604
40963
41312
41662
42026
42408
42783
43143
43498
43869
44249
44625
44992
45357
45726
46096
46464
46833
47198
47569
47945
48319
48682
49034
49392
49766
50151
50529
50903
51287
51661
52020
52383
52771
53166
53553
53926
54292
54673
55070
55447
55810
56177
56557
56943
57334
57711
58075
58441
58817
59183
59541
59893
60240
60599
60973
61365
61753
62128
62514
62918
63324
63710
64082
64460
64841
65220
65584
65945
66307
66683
67064
67438
67804
68167
68531
68901
69273
69649
70018
70394
70770
71137
71497
71858
72233
72609
72974
73333
73710
74091
74461
74823
75199
75577
75945
76304
76668
77040
77409
77781
78149
78521
78888
79250
79606
79977
80351
80713
81072
81440
81815
82178
82536
82907
83280
83638
83988
84335
84699
85062
85420
85799
86189
86563
86935
87324
87717
88087
88448
88812
89182
89540
89894
90262
90630
91001
91372
91733
92072
92403
92740
93079
93412
93750
94093
94436
94775
95106
95428
95760
96096
96440
96789
97131
97470
97816
98170
98522
98868
99215
99576
99939
100301
100656
101013
101377
101733
102081
102420
102776
103130
103485
103832
104169
104514
104867
105224
105585
105943
106299
106653
107002
107362
107723
108078
108435
108784
109138
109497
109853
110204
110543
110881
111226
111562
111894
112236
112590
112950
113301
113652
114024
114393
114761
115119
115477
115843
116206
116564
116911
117265
117635
118009
118377
118736
119100
119465
119820
120175
120524
120885
121250
121613
121965
122329
122709
123079
123435
123804
124189
124588
124967
125329
125695
126061
126412
126756
127090
127417
127764
128110
128451
128804
129173
129546
129923
130297
130666
131047
131435
131806
132165
132520
132885
133262
133633
134003
134383
134772
135154
135530
135915
136303
136681
137045
137417
137796
138170
138553
138926
139291
139665
140048
140440
140828
141209
141571
141929
142301
142693
143075
143452
143846
144247
144633
145010
145397
145803
146197
146582
146964
147358
147758
148138
148525
148911
149301
149679
