250
565
930
1274
1686
2047
2433
2783
3136
3484
3857
4191
4560
4920
5301
5654
6003
6353
6724
7108
7511
7922
8323
8730
9135
9527
9889
10290
10675
11070
11458
11824
12222
12593
12985
13348
13732
14111
14492
14881
15260
15631
15994
16368
16747
17133
17529
17858
18243
18637
19033
19426
19804
20180
20562
20962
21358
21741
22107
22488
22885
23268
23659
24028
24393
24785
25077
25550
25933
26293
26673
27026
27413
27806
28179
28563
28933
29290
29670
30049
30434
30815
31199
31542
31937
32315
32702
33105
33484
33848
34258
34622
35014
35405
35735
36112
36491
36878
37265
37657
38022
38416
38808
39199
39573
39926
40311
40692
41069
41451
41827
42193
42564
42958
43335
43730
44101
44453
44846
45203
45588
45973
46340
46712
47113
47510
47907
48285
48649
49035
49436
49832
50228
50613
50979
51343
51733
52124
52514
52912
53282
53662
54048
54441
54831
55225
55614
55989
56352
56747
57131
57509
57880
58241
58619
59012
59398
59761
60129
60514
60896
61280
61647
62006
62375
62763
63144
63516
63878
64256
64644
65030
65409
65770
66131
66514
66902
67276
67657
68001
68380
68772
69145
69498
69840
70193
70549
70920
71302
71682
72058
72405
72791
73167
73560
73931
74295
74686
75097
75506
75905
76274
76677
77082
77488
77875
78242
78637
79029
79407
79769
80140
80526
80909
81296
81656
82036
82423
82810
83180
83532
83913
84304
84699
85069
85431
85816
86202
86594
86982
87360
87718
88099
88476
88854
89225
89582
89964
90342
90738
91130
91509
91885
92277
92660
93053
93424
93800
94189
94572
94959
95330
95701
96052
96387
96756
97128
97513
97907
98292
98685
99049
99430
99816
100201
100593
100958
101340
101723
102115
102489
102866
103257
103638
104024
104383
104759
105140
105530
105902
106274
106666
107064
107457
107839
108212
108605
108993
109380
109740
110127
110519
110908
111278
111657
112049
112436
112807
113182
113566
113955
114349
114718
115081
115452
115837
116225
116617
116979
117349
117726
118112
118499
118871
119233
119610
119996
120383
120760
121132
121527
121916
122308
122671
123058
123453
123841
124225
124588
124967
125353
125739
126127
126503
126871
127257
127645
128022
128386
128765
129150
129534
129907
130270
130646
131033
131403
131767
132177
132532
132923
133278
133656
134042
134428
134814
135167
135552
135938
136326
136715
137084
137474
137868
138268
138647
139015
139384
139764
140152
140545
140939
141312
141680
142075
142473
142879
143251
143634
144031
144425
144804
145160
145542
145921
146281
146634
147003
147323
147684
148060
148422
148774
149141
149524
149906
