875
1253
1614
2000
2387
2780
3150
3511
3891
4284
4672
5050
5412
5792
6185
6579
6948
7318
7706
8092
8479
8841
9211
9597
9984
10371
10739
11109
11495
11881
12252
12612
12992
13379
13765
14131
14486
14862
15236
15596
15948
16293
16624
16958
17303
17663
18024
18382
18738
19082
19428
19773
20118
20470
20822
21158
21510
21857
22207
22544
22872
23192
23526
23871
24234
24605
24982
25335
25711
26090
26462
26822
27192
27569
27942
28300
28663
29039
29410
29785
30142
30493
30861
31224
31592
31943
32297
32660
33039
33417
33796
34160
34525
34905
35289
35658
36006
36371
36727
37077
37431
37784
38145
38489
38838
39198
39568
39937
40313
40663
41029
41409
41794
42180
42543
42896
43254
43619
44006
44408
44811
45208
45604
45980
46359
46751
47140
47526
47888
48259
48645
49025
49411
49788
50145
50514
50899
51284
51664
52048
52409
52787
53176
53571
53950
54315
54685
55066
55454
55846
56233
56598
56988
57379
57781
58185
58587
58965
59357
59762
60167
60568
60939
61333
61728
62122
62485
62863
63256
63644
64037
64404
64791
65181
65574
65967
66334
66723
67104
67481
67841
68212
68590
68974
69338
69698
70078
70464
70842
71198
71575
71959
72330
72684
73060
73440
73825
74192
74554
74934
75320
75698
76057
76436
76818
77203
77589
77960
78315
78697
79076
79455
79817
80171
80548
80926
81312
81673
82036
82415
82793
83177
83533
83903
84289
84668
85046
85406
85778
86163
86551
86928
87290
87678
88071
88465
88844
89205
89584
89970
90356
90717
91098
91483
91869
92232
92608
92995
93390
93761
94132
94525
94920
95306
95671
96064
96459
96846
97215
97591
97979
98367
98751
99111
99491
99873
100258
100625
100995
101382
101770
102149
102517
102904
103299
103695
104073
104435
104813
105201
105588
105966
106328
106705
107090
107478
107850
108208
108563
108923
109294
109680
110071
110471
110865
111260
111636
111992
112370
112755
113135
113521
113883
114260
114640
115026
115410
115772
116152
116539
116932
117321
117697
118057
118439
118824
119211
119595
119952
120335
120721
121102
121491
121856
122242
122630
123017
123378
123749
124136
124522
124893
125251
125629
126008
126394
126763
127151
127553
127955
128345
128727
129125
129526
129905
130273
130655
131047
131433
131811
132179
132534
132904
133290
133678
134071
134457
134820
135181
135550
135912
136273
136618
136988
137383
137793
138188
138566
138971
139382
139791
140162
140557
140953
141355
141729
142109
142497
142890
143261
143631
144025
144419
144814
145184
145561
145939
146310
146670
147031
147410
147813
148198
148578
148996
149409
149813
