316
666
995
1341
1701
2058
2385
2693
3034
3385
3740
4054
4363
4655
4942
5275
5613
5948
6298
6619
6925
7231
7571
7919
8267
8577
8876
9181
9567
9939
10308
10668
11009
11331
11649
12002
12359
12727
13091
13459
13823
14165
14488
14831
15581
15952
16417
16666
16988
17292
17607
17958
18323
18689
19030
19336
19658
20011
20367
20719
21031
21331
21635
21961
22290
22614
22930
23240
23531
23840
24168
24511
24841
25149
25452
25760
26105
26454
26801
27121
27436
27730
28025
28356
28679
28983
29278
29567
29871
30283
30681
31066
31438
31783
32138
32525
32926
34827
34928
35162
35525
35865
36227
36625
37002
37351
37708
38081
38449
38811
39156
39489
39860
40247
40646
41007
41369
41754
42159
42557
42926
43265
43619
44012
44412
44792
45142
45502
45908
46333
46696
47048
47430
47813
48174
48579
48925
49312
49678
50053
50435
50792
51177
51553
51903
52254
52646
53043
53413
53761
54124
54516
54925
55318
55699
56052
56377
56718
57111
57516
57929
58344
58734
59118
59520
59939
60372
60800
61217
61628
62020
62386
62753
63136
63544
63962
64374
64787
65174
65540
65916
66311
66720
67116
67490
67844
68184
68555
68944
69325
69666
69979
70307
70651
71023
71399
71778
72133
72468
72817
73194
73565
73923
74247
74580
74949
75332
75721
76080
76424
76821
77253
77658
78024
78362
78713
79085
79450
79791
80135
80513
80890
81259
81602
81925
82275
82653
83001
83327
83675
84030
84557
84759
85105
85420
85810
86906
87253
87641
88043
88422
88773
89165
89576
89957
90313
90679
91051
91419
91755
92085
92446
92817
93161
93494
93876
94257
94606
94935
95290
95654
95995
96310
96642
96982
97319
97641
97957
98325
98723
99078
99412
99778
100151
100519
100853
101167
101472
101814
102181
102534
102898
103235
103547
103886
104232
104585
104902
105206
105523
105870
106213
106535
106846
107160
107509
107864
108216
108560
108866
109168
109506
109849
110189
110502
110821
111200
111551
111870
112167
112469
112793
113140
113492
113830
114164
114472
114788
115122
115476
115850
116227
116619
117028
117424
117792
118130
118483
118862
119266
119660
120048
120408
120770
121167
121566
121948
122300
122639
123016
123426
123821
124189
124540
124893
125277
125665
126049
126401
126730
127094
127481
127867
128237
128582
128960
129355
129730
130086
130443
130826
131216
131586
131925
132263
132623
133000
133371
133714
134046
134397
134787
135171
135549
135897
136223
136564
136936
137316
137696
138050
138386
138714
139064
139447
139815
140178
140523
140849
141193
141557
141932
142299
142635
142951
143280
143640
144016
144387
144741
145069
145436
145827
146209
146594
146960
147287
147650
148034
148411
148775
149110
149426
149747
