327
688
1011
1320
1658
2004
2344
2675
2978
3287
3629
3978
4298
4595
4895
5218
5544
5910
6267
6578
6905
7234
7564
7885
8178
8469
8794
9146
9516
9867
10191
10526
10912
11295
11654
11984
12333
12712
13085
13453
13794
14108
14421
14778
15150
15514
15855
16175
16510
16879
17260
17624
17993
18327
18640
18972
19330
19700
20052
20393
20709
21050
21423
21809
22181
22524
22850
23201
23581
23961
24335
24687
25017
25376
25783
26178
26540
26881
27246
27631
28015
28367
28706
29099
29507
29888
30235
30581
30961
31365
31758
32127
32517
32939
33349
33735
34159
34593
34996
35388
35798
36209
36618
37023
37407
37800
38237
38640
39018
39409
39805
40194
40570
40925
41288
41667
42043
42414
42766
43106
43468
43845
44198
44524
44828
45145
45480
45843
46215
46582
46921
47245
47606
47997
48382
48737
49073
49437
49821
50182
50521
50834
51154
51502
51854
52197
52511
52827
53180
53571
53953
54306
54624
54945
55292
55654
56002
56330
56673
57057
57445
57827
58192
58594
59007
59412
59790
60143
60505
60879
61255
61620
61962
62317
62720
63120
63512
63908
64276
64630
65005
65433
65855
66281
66670
67046
67441
67861
68260
68643
69068
69524
69964
70354
70737
71132
71541
71946
72339
72731
73161
73617
74047
74439
74832
75238
75621
75978
76315
76653
77005
77387
77779
78158
78509
78869
79245
79634
80008
80359
80713
81103
81504
81910
82310
82693
83064
83462
83888
84306
84690
85083
85489
85887
86263
86621
87015
87412
87808
88189
88533
88873
89235
89610
89987
90332
90676
91057
91459
91842
92202
92570
92988
93398
93784
94140
94506
94904
95292
95680
96046
96382
96724
97093
97487
97874
98254
98619
98959
99316
99709
100084
100434
100799
101171
101528
101862
102206
102561
102917
103254
103592
103948
104317
104650
104965
105280
105604
105963
106333
106701
107049
107368
107702
108031
108337
108682
109035
109395
109738
110058
110430
110833
111215
111559
111886
112239
112601
112948
113277
113644
114030
114402
114748
115110
115484
115847
116187
116550
116933
117303
117651
117997
118359
118725
119078
119416
119780
120159
120529
120875
121236
121625
122001
122363
122690
123005
123336
123700
124064
124421
124770
125172
125598
126026
126412
126791
127185
127596
128003
128382
128740
129109
129495
129874
130240
130591
130936
131293
131651
131981
132296
132623
132958
133295
133605
133916
134257
134602
134955
135274
135580
135903
136230
136563
136867
137185
137524
137899
138250
138574
138912
139272
139631
139960
140266
140584
140923
141272
141610
141937
142283
142658
143028
143382
143725
144048
144409
144742
145061
145393
145748
146102
146426
146739
147069
147412
147748
148052
148352
148677
149002
149309
149610
149933
