373
714
1058
1407
1750
2083
2431
2786
3129
3464
3808
4166
4525
4876
5210
5543
5882
6228
6572
6915
7263
7624
7977
8315
8653
8996
9335
9666
9993
10321
10656
11008
11351
11679
12010
12350
12683
13008
13330
13648
13976
14338
14698
15046
15387
15716
16044
16375
16702
17025
17350
17682
18027
18385
18727
19059
19397
19739
20080
20423
20775
21148
21513
21865
22203
22538
22872
23197
23520
23850
24194
24537
24875
25217
25562
25916
26267
26601
26947
27288
27625
27971
28336
28714
29083
29443
29789
30142
30496
30828
31153
31485
31821
32149
32474
32851
33247
33628
33985
34339
34705
35059
35389
35724
36073
36426
36772
37118
37481
37845
38193
38538
38889
39239
39596
39942
40282
40622
40970
41299
41621
41957
42322
42669
43006
43354
43709
44051
44385
44718
45052
45390
45719
46038
46364
46693
47030
47368
47697
48038
48393
48741
49077
49416
49753
50086
50411
50726
51046
51365
51687
52000
52310
52630
52947
53261
53581
53933
54339
54755
55135
55490
55847
56194
56526
56849
57168
57497
57834
58162
58480
58804
59152
59514
59860
60197
60545
60900
61254
61595
61939
62291
62636
62966
63296
63643
63995
64330
64656
64986
65328
65662
65986
66309
66646
66981
67322
67650
67980
68316
68658
68999
69327
69659
69995
70327
70649
70967
71286
71616
71947
72274
72595
72921
73261
73601
73936
74283
74644
74997
75331
75654
75987
76334
76679
77011
77336
77671
78013
78353
78680
79023
79372
79721
80054
80383
80717
81061
81411
81745
82081
82425
82772
83103
83429
83765
84106
84442
84765
85091
85430
85777
86117
86449
86795
87148
87494
87817
88135
88459
88783
89099
89407
89729
90060
90396
90726
91050
91396
91758
92109
92448
92786
93125
93462
93789
94109
94442
94781
95120
95457
95787
96124
96470
96810
97144
97472
97806
98145
98479
98796
99112
99450
99808
100154
100486
100823
101173
101520
101857
102188
102530
102876
103214
103541
103874
104220
104571
104920
105258
105603
105955
106314
106654
106986
107321
107655
107992
108325
108652
108999
109356
109715
110052
110384
110726
111077
111422
111756
112091
112440
112798
113140
113470
113810
114156
114506
114846
115173
115508
115849
116188
116514
116843
117194
117552
117903
118239
118566
118904
119244
119577
119902
120235
120623
121020
121387
121736
122075
122422
122770
123109
123465
123840
124218
124573
124920
125280
125631
125962
126294
126630
126968
127300
127616
127939
128275
128611
128940
129259
129582
129919
130260
130591
130913
131240
131588
131923
132257
132595
132951
133308
133648
133986
134334
134686
135043
135398
135767
136125
136470
136798
137134
137477
137812
138140
138474
138820
139179
139525
139864
140215
140568
140904
141231
141555
141898
142251
142588
142915
143246
143587
143941
144279
144615
144960
145310
145655
145976
146294
146624
146960
147295
147646
148013
148382
148747
149087
149419
149758
