354
687
983
1368
1698
2036
2374
2676
3009
3389
3726
4062
4412
4749
5097
5479
5804
6178
6554
6915
7274
7658
8051
8441
8819
9176
9517
9903
10246
10599
10901
11236
11621
11962
12298
12627
12953
13273
13592
13906
14209
14508
14764
15063
15410
15721
16066
16387
16749
17107
17453
17794
18131
18460
18793
19121
19446
19807
20134
20471
20754
21124
21454
21805
22152
22446
22778
23153
23449
23789
24129
24456
24774
25134
25447
25773
26124
26422
26812
27149
27451
27804
28144
28473
28797
29162
29482
29803
30115
30418
30734
31071
31427
31760
32087
32424
32735
33070
33393
33761
34087
34416
34745
35054
35364
35683
36011
36332
36648
36957
37296
37637
37938
38270
38638
38957
39279
39595
39903
40217
40549
40903
41246
41575
41904
42251
42541
42870
43241
43574
43864
44195
44521
44892
45231
45572
45869
46207
46539
46925
47268
47618
47957
48285
48627
48982
49290
49635
49975
50366
50664
51013
51369
51712
52049
52435
52770
53109
53408
53749
54140
54479
54780
55137
55488
55839
56178
56519
56907
57198
57544
57879
58261
58597
58938
59227
59614
59942
60275
60618
60959
61246
61627
61957
62292
62638
62931
63261
63635
63964
64299
64598
64929
65304
65631
65963
66240
66607
66920
67251
67544
67874
68246
68578
68912
69197
69524
69892
70229
70532
70868
71252
71601
71960
72258
72636
72947
73274
73613
73948
74276
74604
74948
75251
75597
75941
76278
76618
76955
77290
77616
77990
78312
78643
78986
79318
79653
80012
80340
80701
81042
81383
81722
82061
82383
82760
83073
83395
83729
84052
84378
84708
85053
85346
85676
86005
86389
86725
87027
87377
87717
88110
88416
88777
89124
89515
89867
90178
90530
90870
91253
91591
91882
92253
92574
92916
93204
93572
93892
94224
94504
94875
95196
95531
95825
96152
96515
96841
97178
97518
97838
98153
98491
98849
99192
99524
99878
100186
100535
100920
101251
101593
101897
102293
102627
102983
103306
103663
104059
104400
104739
105081
105405
105719
106051
106394
106771
107127
107501
107813
108156
108483
108848
109169
109494
109807
110111
110433
110761
111110
111453
111780
112131
112504
112833
113193
113550
113903
114248
114625
114949
115281
115608
115930
116269
116622
116966
117296
117631
117981
118340
118682
119014
119370
119732
120093
120437
120803
121178
121480
121882
122235
122600
122915
123313
123657
124007
124356
124699
125041
125402
125767
126117
126465
126824
127185
127506
127856
128244
128589
128946
129294
129633
129992
130363
130750
131059
131457
131805
132158
132506
132843
133179
133523
133879
134229
134563
134917
135225
135562
135937
136251
136576
136923
137266
137592
137926
138264
138618
138960
139281
139614
139945
140278
140552
140909
141232
141569
141901
142216
142550
142894
143240
143570
143886
144213
144545
144877
145203
145519
145838
146163
146501
146831
147155
147506
147862
148173
148516
148910
149254
149600
149892
