143
512
866
1236
1622
1992
2378
2739
3092
3454
3832
4210
4579
4941
5302
5663
6024
6394
6771
7125
7486
7855
8225
8595
8956
9317
9686
10046
10416
10768
11129
11482
11844
12205
12557
12902
13255
13623
13969
14330
14674
15027
15389
15741
16102
16480
16801
17161
17506
17842
18204
18533
18889
19224
19592
19934
20288
20649
21012
21355
21700
22070
22422
22775
23119
23473
23825
24196
24565
24942
25287
25623
25968
26329
26699
27052
27396
27758
28119
28489
28835
29179
29549
29935
30306
30666
31012
31381
31767
32138
32491
32887
33229
33584
33954
34306
34652
35021
35391
35770
36123
36476
36845
37222
37594
37955
38332
38694
39071
39434
39786
40139
40484
40855
41215
41577
41938
42309
42686
43064
43418
43786
44157
44526
44889
45241
45604
45973
46343
46712
47066
47435
47806
48185
48553
48906
49268
49629
49990
50353
50696
51050
51403
51765
52142
52511
52865
53227
53597
53966
54329
54689
55041
55420
55781
56143
56519
56866
57210
57595
57942
58327
58697
59033
59418
59747
60125
60494
60839
61184
61544
61888
62250
62611
62956
63299
63643
64020
64365
64719
65071
65399
65750
66113
66465
66825
67178
67514
67890
68228
68572
68924
69260
69605
69957
70344
70671
71024
71393
71754
72132
72484
72845
73208
73559
73937
74297
74643
75005
75364
75776
76110
76456
76810
77194
77564
77916
78262
78639
79015
79394
79763
80133
80519
80904
81290
81653
82007
82391
82777
83146
83507
83868
84247
84609
84994
85355
85707
86079
86439
86800
87170
87530
87877
88268
88633
89009
89371
89725
90093
90463
90841
91211
91564
91926
92303
92681
93061
93439
93808
94178
94557
94935
95296
95650
96019
96389
96767
97121
97482
97852
98223
98599
98961
99315
99684
100062
100440
100803
101164
101532
101894
102272
102626
102979
103341
103694
104072
104425
104803
105139
105502
105871
106248
106602
106955
107317
107687
108057
108418
108772
109141
109510
109880
110234
110595
110957
111326
111696
112050
112402
112757
113118
113487
113849
114210
114580
114959
115345
115708
116068
116429
116799
117169
117539
117893
118246
118616
118993
119371
119734
120096
120473
120851
121229
121583
121937
122305
122676
123053
123415
123777
124146
124516
124895
125257
125618
125980
126357
126728
127106
127467
127821
128182
128552
128931
129318
129688
130066
130445
130839
131209
131578
131957
132335
132713
133075
133436
133805
134185
134561
134915
135277
135646
136016
136386
136747
137101
137469
137840
138217
138578
138931
139291
139661
140023
140375
140736
141097
141466
141843
142204
142566
142970
143338
143732
144119
144454
144816
145185
145554
145924
146294
146629
146990
147352
147720
148074
148444
148806
149158
149512
149905
