903
1279
1642
2010
2388
2767
3153
3516
3876
4254
4640
5002
5364
5726
6095
6473
6851
7214
7566
7934
8298
8652
8995
9314
9676
9962
10266
10602
10913
11266
11603
11964
12309
12662
12999
13325
13654
13991
14343
14721
15082
15428
15772
16117
16470
16823
17183
17554
17888
18234
18561
18904
19259
19619
19954
20291
20635
20972
21299
21626
21953
22281
22608
22911
23220
23523
23826
24122
24439
24759
25095
25439
25784
26120
26447
26767
27104
27439
27793
28129
28473
28808
29145
29490
29851
30203
30548
30886
31229
31583
31945
32305
32641
32987
33332
33694
34063
34416
34777
35122
35467
35804
36155
36484
36828
37182
37543
37888
38224
38560
38913
39257
39577
39914
40267
40619
40982
41327
41679
42006
42342
42695
43039
43378
43713
44049
44377
44729
45073
45429
45763
46100
46435
46781
47125
47478
47814
48143
48478
48822
49158
49502
49830
50166
50511
50872
51234
51579
51914
52259
52603
52956
53308
53629
53956
54300
54644
54989
55325
55662
55997
56333
56679
57023
57351
57686
58013
58349
58678
59031
59368
59720
60048
60401
60720
61039
61351
61670
61980
62284
62587
62906
63225
63569
63889
64219
64553
64874
65219
65537
65889
66260
66580
66908
67244
67571
67909
68252
68605
68942
69279
69607
69951
70304
70641
70976
71299
71626
71960
72306
72658
73003
73323
73668
74013
74365
74710
75045
75380
75718
76069
76406
76758
77086
77421
77756
78078
78421
78747
79083
79435
79797
80132
80460
80787
81131
81452
81777
82106
82440
82786
83123
83449
83786
84130
84475
84812
85155
85482
85811
86147
86492
86827
87164
87500
87835
88181
88525
88877
89206
89534
89877
90230
90574
90919
91256
91609
91977
92314
92658
92995
93346
93683
94019
94363
94724
95086
95438
95782
96136
96488
96850
97194
97522
97858
98202
98555
98892
99228
99580
99957
100302
100663
101008
101353
101707
102058
102386
102723
103067
103420
103774
104110
104454
104799
105160
105522
105867
106203
106556
106910
107263
107608
107953
108313
108691
109012
109356
109693
110045
110398
110751
111088
111432
111777
112146
112492
112844
113197
113551
113912
114282
114634
114987
115349
115711
116073
116425
116769
117123
117476
117854
118207
118577
118939
119309
119671
120031
120409
120770
121140
121519
121846
122248
122561
122948
123258
123610
123963
124316
124669
125005
125350
125695
126056
126401
126745
127098
127443
127813
128165
128502
128846
129191
129544
129914
130241
130578
130922
131266
131618
131964
132300
132661
133030
133375
133704
134056
134402
134755
135116
135461
135798
136134
136503
136865
137210
137563
137907
138260
138613
138958
139302
139639
139983
140337
140689
141051
141379
142068
142257
142718
143008
143393
143792
144037
144345
144723
145134
145511
145797
146327
146385
146647
146971
147225
147513
148677
148784
148978
149403
149914
