1818
2203
2656
3838
4039
4719
5785
6255
6749
7789
8207
8586
8678
8754
9802
10266
11833
12247
13108
14794
15969
16523
16724
17261
21685
22943
23631
24655
24957
25578
27607
27961
29655
30090
32725
34480
35141
36676
37448
38135
38639
40049
41207
41249
41886
43698
44311
44436
44974
45627
46206
46820
46954
48011
48640
48801
49354
49959
51846
52710
54245
55445
56100
56368
57014
60563
60799
62260
62862
64333
66153
67522
68470
69310
70023
70728
71183
72112
72625
72700
73916
74086
74724
76234
77358
77736
79271
79676
80070
80137
80850
81110
81522
82484
83142
85114
86012
86861
87532
87818
