190
1818
2203
2656
3201
3838
4039
4719
5315
5785
6255
6749
7361
7789
8207
8586
8678
8754
9366
9802
10266
10784
11371
11833
12247
12782
13108
13561
14039
14569
14794
15273
15693
15969
16523
16724
17261
17673
18192
18730
19268
19695
20149
20601
20996
21685
22121
22943
23631
24084
24655
24957
25578
26031
26543
27130
27607
27961
28564
29202
29655
30090
30653
31189
31618
32020
32725
33186
33649
34126
34480
35141
35552
36676
37104
37448
38135
38639
39059
39470
40049
40441
40862
41207
41249
41886
42313
42750
43136
43698
44118
44311
44436
44974
45627
46098
46206
46820
46954
47373
48011
48640
48801
49354
49959
50369
50822
51259
51846
52324
52710
53179
53574
54010
54245
54673
55116
55445
56100
56368
57014
57442
57955
58508
58936
59356
59842
60563
60799
61228
61664
62260
62862
63301
63712
64333
64744
65206
65607
66152
66582
66975
67521
67924
68469
68847
69309
70022
70727
71182
71524
72111
72523
72624
72699
73915
74085
74503
74723
75151
75637
76233
77357
77735
78288
79270
79675
80069
80136
80849
81109
81521
82483
83141
83577
83980
84425
84845
85113
85550
85963
86011
86860
87531
87817
88462
88999
89385
89579
90216
90291
90763
91349
91476
91594
92659
93112
93289
93415
93935
94069
94606
95018
95453
95857
96712
96982
97410
97871
98257
98879
99298
99702
100172
100834
101229
101614
102194
103151
103586
105123
105734
105944
105987
107043
107421
108977
109428
109839
110679
110922
111333
112241
112635
113239
113583
114069
114650
115103
115506
116311
116572
116999
117420
117890
118477
118923
119317
120348
120752
121163
122161
122633
123035
123135
123832
124034
124185
124689
125209
125269
125375
125469
125973
126409
126545
126711
127283
127669
128340
128525
128887
129280
129682
130153
130698
131117
131444
131982
132375
132728
133139
134038
134482
134903
135876
136236
136706
137452
138023
138493
139407
139835
140280
141160
141773
142955
143401
143828
145187
145590
146410
146505
147369
148147
148619
149190
149835
