247
731
1187
1665
2193
2732
3250
3755
4233
4698
5191
5720
6238
6746
7215
7660
8131
8652
9182
9694
10172
10641
11136
11667
12197
12708
13186
13645
14128
14648
15175
15696
16184
16657
17134
17654
18183
18705
19200
19670
20124
20619
21140
21657
22148
22617
23080
23581
24081
24590
25086
25548
26012
26488
27008
27520
28016
28487
28947
29429
29937
30449
30957
31444
31912
32365
32853
33358
33868
34357
34826
35295
35794
36305
36784
37251
37733
38245
38748
39227
39687
40149
40638
41139
41618
42080
42535
42998
43499
43994
44483
44954
45405
45852
46322
46818
47314
47817
48304
48767
49219
49691
50194
50692
51171
51607
51999
52405
52881
53344
53788
54224
54653
55076
55645
56166
56677
57157
57626
58082
58551
59052
59573
60088
60599
61070
61530
61993
62505
63021
63532
64028
64489
64933
65416
65916
66421
66908
67369
67825
68329
68839
69344
69808
70260
70756
71252
71723
72179
72647
73142
73648
74146
74630
75099
75545
76024
76504
76985
77453
77906
78359
78839
79344
79856
80361
80833
81294
81782
82291
82790
83291
83777
84234
84696
85197
85708
86211
86709
87187
87651
88129
88632
89137
89617
90084
90556
91059
91563
92060
92535
92991
93444
93939
94435
94937
95428
95893
96343
96813
97325
97821
98307
98779
99242
99721
100208
100644
101033
101425
101835
102333
102825
103299
103750
104163
104652
105162
105640
106101
106534
106984
107523
108016
108489
108940
109356
109850
110354
110849
111319
111763
112199
112711
113222
113695
114154
114580
115091
115599
116088
116535
116954
117448
117979
118506
118975
119399
119877
120404
120900
121368
121808
122232
122779
123289
123785
124255
124694
125105
125592
126100
126593
127060
127509
127935
128414
128933
129421
129882
130328
130748
131257
131749
132224
132679
133107
133583
134089
134567
135020
135447
135862
136330
136788
137245
137685
138107
138509
138998
139489
139970
140438
140876
141336
141833
142313
142774
143226
143658
144104
144616
145111
145582
146039
146469
146921
147448
147949
148413
148857
149305
149782
