482
853
1221
1591
1993
2398
2775
3144
3548
3961
4332
4708
5094
5489
5859
6262
6666
7068
7438
7833
8227
8581
8917
9253
9613
9984
10353
10706
11093
11488
11841
12204
12589
12958
13305
13683
14076
14454
14807
15178
15582
15976
16338
16656
17151
17514
17874
18253
18665
19042
19422
19834
20236
20598
21001
21430
21848
22235
22640
23059
23438
23816
24218
24624
24992
25370
25782
26192
26563
26958
27361
27748
28109
28497
28900
29293
29656
30059
30469
30865
31192
31621
32007
32384
32730
33116
33518
33906
34275
34669
35074
35442
35787
36306
36685
37038
37424
37808
38171
38516
38902
39305
39684
40052
40456
40867
41252
41623
42026
42461
42860
43243
43632
44033
44395
44749
45076
45574
45942
46286
46656
47023
47393
47730
48050
48378
48738
49126
49520
49898
50292
50704
51090
51460
51856
52284
52669
53041
53434
53814
54167
54537
54923
55294
55646
56016
56394
56763
57125
57505
57908
58293
58672
59000
59452
59822
60168
60531
60916
61278
61638
62024
62430
62815
63186
63589
63991
64353
64739
65126
65513
65882
66259
66670
67065
67436
67821
68224
68609
68980
69375
69780
70148
70526
70921
71315
71677
72056
72458
72846
73213
73616
74030
74423
74795
75205
75623
75994
76363
76752
77140
77507
77901
78312
78686
79045
79432
79843
80229
80591
80978
81375
81743
82105
82498
82876
83222
83559
83894
84230
84533
84844
85178
85540
85902
86256
86624
87011
87406
87768
88129
88531
88934
89288
89657
90058
90470
90789
91251
91646
92023
92377
92765
93173
93551
93915
94310
94705
95065
95443
95822
96173
96527
96906
97290
97637
98005
98376
98744
99098
99469
99877
100256
100617
100987
101349
101702
102064
102458
102844
103232
103627
103996
104356
104728
105106
105475
105854
106256
106642
107029
107366
107821
108189
108551
108928
109281
109660
110087
110500
110894
111305
111719
112096
112498
112902
113270
113657
114053
114417
114785
115181
115573
115935
116321
116721
117086
117473
117867
118227
118591
118978
119353
119706
120085
120487
120866
121228
121620
121988
122336
122674
123003
123364
123740
124086
124447
124843
125239
125606
125986
126389
126774
127171
127571
127997
128400
128791
129197
129606
129993
130387
130801
131192
131563
131972
132387
132773
133150
133560
133964
134343
134735
135160
135583
135971
136374
136746
137082
137502
137910
138273
138593
139062
139457
139760
140221
140615
140978
141331
141716
142113
142482
142860
143261
143650
144024
144404
144808
145205
145574
145952
146347
146743
147109
147489
147881
148251
148606
148978
149377
149740
