961
1297
1640
1968
2306
2667
3019
3356
3693
4052
4415
4758
5096
5449
5844
6206
6566
6930
7308
7669
8046
8391
8735
9106
9451
9804
10174
10543
10904
11249
11611
12005
12375
12720
13106
13451
13820
14174
14542
14929
15299
15678
16032
16392
16746
17106
17408
17845
18207
18568
18904
19257
19602
19947
20273
20585
20913
21265
21626
21960
22313
22675
23027
23371
23715
24085
24447
24791
25136
25507
25883
26253
26622
27000
27362
27721
28076
28461
28814
29159
29513
29898
30310
30686
30989
31455
31822
32199
32528
32905
33260
33603
33981
34368
34747
35083
35478
35847
36234
36596
36958
37343
37731
38117
38478
38840
39244
39590
39977
40304
40698
41095
41472
41867
42228
42589
42943
43314
43691
44044
44398
44759
45120
45457
45791
46119
46446
46833
47195
47522
47867
48246
48556
48890
49230
49622
49950
50295
50662
51067
51395
51747
52100
52494
52814
53157
53510
53880
54223
54568
54929
55291
55661
56029
56382
56761
57164
57526
57879
58241
58626
59022
59325
59747
60107
60467
60839
61207
61570
61980
62402
62803
63199
63597
64006
64384
64748
65159
65505
65855
66208
66560
66889
67216
67536
67864
68191
68544
68905
69260
69603
69963
70364
70770
71089
71450
71844
72156
72499
72852
73238
73549
73900
74280
74649
75051
75406
75774
76178
76520
76914
77302
77697
78082
78437
78806
79184
79511
79898
80276
80661
81032
81402
81780
82114
82494
82872
83266
83604
83990
84359
84738
85098
85410
85821
86182
86485
86871
87217
87569
87930
88250
88577
88888
89267
89620
89964
90318
90686
91064
91384
91779
92158
92543
92890
93248
93588
93990
94317
94688
95114
95444
95839
96233
96612
96948
97336
97697
98133
98511
98856
99252
99680
100057
100454
100839
101226
101646
101994
102420
102824
103218
103578
104008
104420
104772
105176
105561
105956
106283
106672
107049
107426
107838
108208
108592
108987
109341
109703
110087
110499
110852
111247
111616
111995
112355
112715
113077
113463
113784
114170
114532
114875
115221
115580
115977
116312
116664
117051
117421
117783
118135
118462
118865
119178
119523
119883
120279
120598
120942
121303
121690
122017
122355
122716
123095
123430
123783
124069
124389
124733
125087
125398
125724
126078
126448
126826
127138
127514
127869
128230
128540
128910
129279
129659
129987
130380
130718
131126
131445
131816
132210
132554
132904
133267
133672
134049
134401
134737
135105
135517
135830
136132
136568
136894
137224
137601
137978
138341
138690
139002
139396
139750
140088
140455
140849
141185
141565
141932
142303
142697
143032
143411
143770
144133
144451
144823
145192
145552
145896
146249
146618
146939
147275
147660
148038
148381
148766
149104
149491
149808
