818
1369
1943
2467
3018
3598
4169
4753
5316
5929
6572
7189
7826
8441
9072
9732
10362
10958
11556
12084
12649
13202
13806
14418
14988
15610
16248
16874
17509
18117
18715
19323
19941
20554
21138
21737
22352
22987
23561
24075
24638
25175
25760
26367
26966
27578
28205
28836
29451
30079
30661
31276
31880
32467
33069
33625
34203
34814
35426
36028
36625
37247
37846
38425
39043
39652
40222
40835
41459
42049
42683
43273
43899
44524
45144
45721
46259
46796
47344
47914
48513
49069
49623
50225
50817
51383
51956
52583
53188
53793
54391
55033
55657
56289
56866
57472
58092
58710
59280
59892
60512
61093
61699
62326
62924
63545
64162
64753
65377
66001
66577
67192
67806
68402
68986
69600
70207
70804
71387
71938
72525
73112
73702
74264
74817
75411
75986
76583
77148
77716
78269
78772
79312
79838
80417
81006
81551
82134
82733
83294
83877
84491
85066
85666
86295
86898
87503
88118
88693
89316
89939
90518
91126
91753
92368
92972
93577
94138
94739
95344
95952
96521
97115
97727
98314
98942
99537
100152
100789
101419
102054
102646
103239
103854
104446
105048
105599
106151
106651
107182
107703
108261
108886
109514
110106
110689
111330
111973
112571
113181
113832
114463
115100
115717
116382
117019
117644
118310
118926
119561
120182
120818
121404
122052
122664
123315
123910
124532
125160
125786
126360
126966
127588
128162
128774
129397
129973
130584
131170
131679
132224
132758
133358
133971
134584
135163
135765
136391
137007
137620
138178
138760
139358
139922
140496
141097
141666
142242
142846
143437
144055
144633
145227
145842
146407
146995
147597
148164
148719
149306
149897
