54
635
1191
1699
2246
2820
3366
3914
4504
5107
5702
6309
6903
7495
8084
8670
9281
9886
10486
11082
11676
12232
12746
13276
13806
14342
14928
15499
16037
16618
17228
17824
18383
18976
19583
20196
20781
21401
21973
22589
23132
23682
24291
24869
25503
26149
26776
27402
28026
28661
29277
29920
30534
31173
31806
32423
32966
33551
34112
34696
35279
35878
36474
37035
37659
38281
38879
39509
40115
40716
41324
41917
42528
43127
43731
44324
44883
45464
46024
46557
47115
47676
48240
48762
49302
49871
50381
50915
51470
52077
52698
53313
53950
54559
55166
55790
56403
57012
57599
58231
58827
59427
60054
60654
61249
61819
62408
63026
63611
64140
64690
65244
65782
66355
66971
67585
68210
68831
69482
70119
70789
71424
72095
72743
73407
74052
74686
75321
75929
76501
77137
77747
78343
78917
79533
80106
80651
81192
81738
82347
82961
83589
84209
84849
85471
86080
86713
87339
87970
88574
89156
89787
90401
90989
91579
92219
92820
93455
94059
94707
95291
95883
96479
97024
97580
98133
98723
99329
99937
100530
101130
101757
102351
102969
103578
104178
104771
105388
105963
106532
107139
107725
108315
108867
109455
110048
110638
111222
111780
112377
112963
113555
114115
114717
115306
115896
116469
117055
117639
118234
118819
119428
119994
120557
121125
121655
122205
122742
123313
123917
124526
125122
125728
126328
126927
127506
128135
128762
129372
129958
130583
131183
131800
132384
132976
133577
134219
134807
135428
136038
136634
137228
137831
138369
138929
139482
140066
140686
141292
141881
142470
143096
143702
144328
144945
145573
146163
146781
147420
148033
148680
149310
