467
735
1004
1275
1544
1813
2084
2352
2621
2894
3166
3437
3711
3982
4251
4520
4791
5062
5335
5610
5886
6164
6442
6720
6995
7271
7551
7830
8114
8394
8676
8957
9238
9518
9802
10085
10369
10657
10944
11230
11514
11799
12086
12374
12662
12953
13239
13524
13812
14104
14388
14674
14954
15237
15524
15804
16088
16369
16649
16924
17204
17485
17764
18044
18321
18595
18871
19154
19434
19711
19989
20265
20539
20814
21090
21368
21643
21920
22194
22464
22734
23006
23280
23554
23825
24094
24363
24635
24910
25180
25451
25717
25986
26260
26532
26805
27075
27342
27609
27881
28151
28422
28687
28951
29223
29493
29762
30025
30290
30555
30826
31092
31359
31624
31887
32150
32418
32685
32950
33214
33476
33738
34004
34270
34535
34799
35063
35329
35588
35856
36120
36384
36648
36907
37170
37433
37699
37960
38221
38482
38747
39010
39273
39532
39790
40055
40319
40581
40842
41102
41362
41626
41891
42153
42411
42673
42936
43200
43459
43721
43977
44234
44497
44755
45010
45268
45524
45778
46029
46283
46536
46789
47047
47303
47556
47810
48069
48326
48582
48834
49088
49347
49602
49855
50105
50354
50606
50858
51109
51358
51604
51850
52096
52345
52589
52831
53072
53316
53562
53805
54047
54288
54528
54772
55014
55255
55500
55746
55985
56228
56471
56713
56957
57198
57436
57677
57916
58159
58397
58634
58871
59108
59350
59587
59821
60057
60293
60531
60767
61003
61237
61472
61709
61947
62186
62421
62657
62896
63135
63372
63602
63835
64068
64304
64539
64774
65007
65242
65478
65714
65950
66189
66427
66663
66902
67137
67375
67611
67845
68083
68321
68559
68796
69031
69270
69510
69752
69996
70239
70481
70727
70970
71215
71462
71707
71949
72193
72439
72686
72932
73183
73432
73678
73928
74177
74428
74679
74927
75175
75426
75679
75931
76185
76438
76689
76945
77200
77455
77713
77968
78227
78488
78754
79015
79276
79534
79790
80050
80307
80562
80820
81075
81331
81589
81853
82110
82367
82627
82887
83147
83409
83669
83925
84183
84446
84705
84967
85229
85487
85746
86006
86266
86524
86784
87041
87297
87556
87818
88074
88337
88593
88850
89113
89372
89633
89893
90153
90409
90673
90935
91196
91458
91716
91978
92241
92505
92763
93025
93281
93546
93807
94070
94330
94595
94860
95128
95395
95659
95924
96194
96463
96731
96996
97261
97531
97801
98069
98336
98603
98874
99143
99410
99675
99942
100211
100479
100748
101015
101284
101555
101826
102098
102366
102636
102908
103183
103458
103729
104000
104276
104552
104829
105101
105371
105646
105923
106199
106467
106738
107011
107289
107557
107830
108108
108385
108657
108930
109207
109484
109761
110032
110304
110578
110853
111127
111399
111666
111937
112211
112485
112755
113027
113300
113576
113849
114123
114401
114677
114951
115220
115497
115767
116039
116309
116573
116833
117091
117353
117615
117884
118152
118417
118681
118950
119218
119484
119748
120011
120270
120536
120801
121065
121331
121597
121856
122121
122384
122649
122916
123178
123439
123704
123969
124234
124500
124760
125023
125285
125551
125816
126077
126337
126598
126865
127126
127390
127648
127908
128172
128435
128696
128957
129214
129476
129735
129999
130257
130514
130773
131032
131294
131550
131808
132068
132328
132588
132843
133097
133355
133610
133866
134121
134373
134628
134882
135135
135386
135635
135884
136134
136387
136637
136883
137132
137384
137636
137889
138139
138387
138638
138891
139145
139393
139642
139893
140145
140397
140649
140897
141145
141392
141641
141887
142130
142375
142626
142884
143144
143413
143681
143943
144204
144470
144732
145000
145270
145541
145811
146083
146351
146621
146889
147161
147434
147704
147974
148244
148512
148779
149048
149316
149586
149854
