834
1114
1404
1677
1958
2234
2516
2795
3067
3344
3612
3888
4160
4443
4711
4975
5247
5513
5791
6088
6341
6610
6880
7157
7434
7711
7986
8257
8531
8806
9086
9357
9629
9911
10177
10445
10718
10986
11256
11538
11808
12080
12347
12617
12908
13178
13445
13713
13991
14262
14530
14805
15078
15351
15625
15889
16160
16433
16706
16981
17243
17518
17797
18067
18339
18614
18892
19156
19453
19735
20010
20281
20580
20852
21151
21438
21726
22007
22312
22581
22875
23167
23454
23748
24037
24337
24616
24883
25184
25481
25760
26098
26328
26650
26944
27196
27487
27766
28059
28355
28649
28941
29236
29531
29830
30126
30436
30715
31009
31310
31610
31900
32199
32488
32787
33082
33377
33671
33965
34258
34552
34846
35134
35424
35728
35999
36316
36594
36878
37182
37492
37744
38063
38358
38625
38895
39187
39481
39770
40069
40340
40657
40910
41197
41474
41767
42046
42330
42606
42877
43170
43439
43718
44002
44271
44541
44826
45119
45356
45641
45901
46176
46447
46716
46974
47253
47529
47783
48073
48343
48613
48873
49155
49426
49687
49948
50241
50485
50763
51030
51307
51568
51843
52112
52389
52642
52919
53190
53464
53718
53994
54260
54530
54793
55060
55321
55596
55858
56125
56386
56654
56921
57175
57437
57710
57967
58234
58500
58755
59025
59275
59540
59796
60064
60314
60568
60827
61072
61330
61575
61826
62080
62324
62591
62841
63096
63356
63614
63879
64131
64404
64650
64917
65235
65445
65713
65965
66234
66494
66754
67025
67290
67547
67821
68083
68349
68613
68880
69156
69410
69686
69953
70223
70477
70737
71009
71273
71543
71808
72076
72337
72608
72868
73144
73397
73666
73934
74195
74463
74725
74986
75248
75522
75780
76058
76310
76573
76834
77095
77371
77638
77899
78159
78428
78694
78966
79215
79479
79755
80000
80259
80520
80779
81024
81293
81543
81796
82039
82309
82560
82813
83056
83315
83568
83820
84070
84324
84589
84843
85087
85364
85605
85860
86120
86381
86641
86894
87162
87408
87682
87934
88202
88473
88725
88998
89262
89521
89792
90057
90320
90579
90843
91109
91369
91635
91898
92158
92411
92678
92923
93199
93444
93712
93963
94225
94484
94750
95005
95265
95527
95794
96048
96316
96577
96837
97097
97349
97618
97868
98121
98383
98649
98908
99162
99430
99673
99944
100195
100456
100715
100977
101236
101497
101757
102002
102269
102539
102788
103044
103310
103571
103831
104093
104351
104605
104873
105117
105385
105638
105900
106158
106409
106672
106923
107214
107441
107704
107980
108226
108500
108745
109014
109274
109535
109795
110056
110306
110576
110827
111086
111341
111599
111868
112111
112363
112606
112876
113126
113387
113646
113899
114167
114413
114671
114933
115193
115453
115720
115974
116218
116487
116737
117005
117267
117527
117797
118054
118316
118582
118853
119124
119384
119659
119937
120210
120439
120701
120968
121241
121513
121766
122030
122297
122581
122826
123093
123370
123613
123884
124158
124421
124690
124959
125252
125485
125748
125990
126277
126553
127051
127359
127653
128149
128425
128580
128644
128997
129234
129501
129803
130003
130315
130652
130929
131223
131490
131801
132086
132323
132614
132886
133178
133471
133724
134018
134285
134555
134833
135117
135396
135690
135941
136226
136493
136774
137059
137351
137632
137890
138168
138460
138731
139016
139300
139595
139864
140143
140444
140704
140989
141258
141546
141829
142116
142395
142687
142955
143241
143526
143803
144081
144368
144643
144946
145182
145475
145753
146029
146309
146585
146862
147148
147416
147693
147963
148239
148524
148785
149053
149324
149610
149871
