464
908
1354
1808
2251
2691
3139
3589
4022
4458
4906
5354
5792
6231
6684
7133
7571
8016
8469
8915
9359
9811
10267
10723
11167
11614
12070
12521
12967
13416
13873
14326
14766
15218
15674
16127
16575
17032
17492
17950
18403
18856
19320
19777
20220
20666
21120
21563
21998
22443
22894
23332
23772
24224
24671
25115
25561
26011
26452
26888
27329
27774
28203
28631
29067
29498
29916
30327
30747
31155
31566
31993
32430
32859
33283
33719
34163
34612
35055
35493
35936
36384
36840
37291
37742
38200
38651
39095
39554
40011
40464
40907
41357
41815
42270
42720
43174
43635
44085
44532
44988
45456
45907
46361
46828
47293
47743
48198
48654
49111
49559
50016
50486
50940
51394
51857
52323
52775
53237
53710
54166
54627
55095
55556
56015
56481
56942
57401
57859
58307
58748
59194
59642
60084
60522
60960
61396
61834
62268
62705
63155
63606
64050
64512
64985
65444
65898
66366
66819
67277
67751
68214
68672
69140
69595
70040
70491
70948
71393
71847
72310
72757
73204
73663
74108
74543
74993
75443
75879
76319
76770
77204
77636
78067
78504
78946
79379
79819
80267
80719
81163
81600
82049
82505
82952
83395
83849
84315
84770
85233
85714
86188
86646
87118
87599
88068
88537
89012
89476
89932
90396
90867
91319
91774
92236
92684
93125
93577
94041
94488
94934
95379
95821
96259
96697
97143
97586
98025
98462
98912
99360
99797
100233
100677
101129
101572
102009
102455
102910
103357
103792
104238
104687
105140
105579
106024
106476
106927
107367
107815
108273
108718
109162
109609
110057
110499
110936
111376
111803
112223
112650
113070
113497
113934
114379
114820
115258
115709
116170
116615
117077
117535
117992
118440
118897
119362
119820
120271
120727
121196
121652
122108
122576
123039
123492
123948
124405
124857
125295
125746
126197
126642
127078
127525
127980
128426
128866
129314
129778
130228
130681
131144
131606
132058
132520
132996
133463
133933
134406
134869
135332
135794
136258
136714
137183
137658
138118
138587
139066
139529
140001
140470
140922
141371
141822
142273
142711
143155
143605
144054
144498
144960
145449
145924
146412
146905
147376
147850
148340
148815
149291
149778
