1027
1462
1915
2365
2797
3242
3697
4140
4632
5092
5486
5950
6262
6438
6841
7287
7741
8189
8631
9072
9527
9980
10425
10876
11328
11778
12229
12718
13130
13586
14044
14519
14936
15508
15898
16321
16756
17206
17666
18112
18544
18995
19443
19891
20329
20763
21193
21638
22077
22506
22949
23402
23856
24301
24746
25191
25642
26098
26541
26993
27450
27896
28340
28785
29230
29690
30132
30581
31032
31497
31952
32398
32844
33300
33750
34193
34642
35091
35549
35988
36427
36877
37329
37766
38208
38659
39112
39557
39997
40451
40911
41359
41804
42256
42717
43174
43629
44086
44554
45020
45479
45937
46409
46871
47326
47786
48258
48722
49175
49644
50114
50584
51047
51519
51990
52444
52898
53355
53808
54254
54703
55155
55602
56041
56480
56927
57367
57806
58239
58682
59130
59579
60020
60468
60911
61351
61782
62222
62673
63120
63558
63996
64444
64895
65331
65765
66207
66649
67085
67517
67949
68391
68820
69246
69677
70120
70561
70997
71433
71876
72326
72761
73197
73633
74080
74516
74954
75384
75827
76271
76713
77156
77607
78056
78502
78939
79388
79835
80276
80714
81163
81620
82066
82510
82955
83405
83847
84291
84739
85192
85642
86087
86534
86992
87448
87897
88350
88809
89267
89720
90181
90644
91097
91549
91994
92449
92900
93346
93808
94270
94727
95185
95648
96117
96573
97027
97489
97951
98408
98862
99336
99806
100271
100739
101221
101687
102150
102626
103094
103560
104030
104502
104962
105429
105896
106345
106807
107271
107727
108170
108616
109065
109498
109933
110361
110796
111236
111669
112102
112536
112984
113433
113875
114315
114774
115228
115684
116136
116589
117043
117496
117951
118403
118859
119314
119762
120212
120674
121140
121594
122046
122497
122954
123405
123858
124300
124744
125199
125647
126090
126533
126982
127436
127878
128322
128769
129226
129679
130126
130578
131030
131479
131922
132362
132812
133268
133710
134149
134600
135050
135488
135926
136363
136808
137253
137696
138134
138578
139032
139487
139931
140382
140835
141283
141730
142186
142635
143079
143515
143959
144402
144835
145275
145714
146157
146594
147033
147485
147932
148375
148812
149277
149716
