1147
1492
2736
3867
5758
6497
13124
14356
14847
15778
16971
17559
17930
18299
19549
19711
20005
20720
21719
22205
22624
22978
23564
23852
24314
24768
25189
25564
26011
26490
26894
27407
27732
28218
28632
28825
29439
29951
30419
30573
31305
31674
32157
32650
33197
33338
33642
34029
34096
34315
35129
35576
36029
36449
37258
37417
37705
38124
38183
38269
38915
39335
39764
40082
40991
41063
41419
41850
42260
42682
43118
43595
44253
44336
44767
45202
45674
46017
46458
46912
47338
47802
48161
48610
49054
49515
50356
50492
50820
51307
51634
52166
52595
53039
53468
53815
54319
54749
55192
55647
56118
56478
56931
57462
57546
57604
57719
58149
58530
58822
59117
59555
60403
60471
60881
61327
61724
62109
62631
63102
63531
63936
64363
64802
65230
65288
65380
66026
66449
66884
67666
67728
68163
68518
68945
69005
69088
69727
70138
70567
70997
71342
71758
72199
72620
73032
73091
73829
73896
74250
74678
75040
75536
75879
76308
76729
76794
76879
77526
77938
78364
78777
78836
79592
79735
80028
80482
80844
81296
81709
82138
82498
82592
83335
83481
83993
84226
84547
85049
85462
85900
86395
86479
86646
87135
87571
88027
88451
88505
89251
89320
89680
90126
90555
91295
91388
91832
92269
92328
92416
93076
93521
93958
94447
94841
95214
95673
96133
96582
97423
97495
97867
98354
98787
99330
99616
100087
100557
101398
101466
101834
102281
102700
103525
103668
103984
104414
105221
105289
105657
106089
106154
107316
107451
107770
108232
108291
108375
109207
109703
110075
110302
111159
111596
112027
112084
112170
112824
113262
113699
114127
114952
115020
115390
115827
116660
116871
117233
117669
117888
118334
118771
119227
119646
120481
120690
121119
121488
121792
122540
122615
122979
123425
123877
124726
125180
125636
126047
126879
127318
127747
127830
127906
128595
129033
129513
129938
130117
130765
131168
131584
132042
132774
132916
132983
133202
133607
133665
145798
147136
147619
148023
148845
