192
629
1074
1527
2007
2393
2774
3202
3649
4134
4504
4873
5243
5621
6000
6385
6739
7125
7504
7881
8285
8646
8999
9377
9746
10115
10510
10846
11206
11552
11929
12273
12651
12971
13315
13617
13961
14338
14692
15085
15434
15766
16119
16505
16891
17269
17647
17999
18368
18763
19141
19512
19905
20249
20635
20971
21333
21685
22063
22440
22810
23196
23599
23986
24405
24774
25136
25522
25909
26278
26673
27025
27395
27782
28169
28555
28950
29303
29681
30083
30455
30841
31219
31564
31967
32355
32741
33121
33483
33877
34265
34652
35038
35401
35778
36175
36578
36974
37362
37715
38136
38548
38969
39365
39727
40139
40542
40889
41343
41704
42100
42504
42908
43320
43691
44078
44472
44852
45246
45641
46003
46406
46810
47204
47591
47944
48339
48741
49110
49498
49858
50254
50665
51068
51464
51817
52212
52599
52969
53347
53707
54103
54498
54884
55288
55649
56027
56430
56818
57212
57575
57945
58347
58734
59137
59508
59860
60264
60651
61055
61440
61794
62198
62593
62980
63375
63729
64115
64519
64906
65301
65679
66057
66461
66857
67269
67664
68024
68437
68825
69245
69640
70018
70422
70827
71230
71599
72020
72432
72853
73264
73634
74054
74475
74905
75307
75677
76098
76527
76954
77182
77719
78183
78612
79007
79318
79763
80191
80613
80999
81378
81780
82192
82621
83008
83378
83816
84210
84687
85084
85512
85933
86378
86757
87167
87555
87934
88387
88763
89168
89605
90034
90430
90808
91236
91657
92118
92941
93456
94725
94994
95448
95892
96413
97053
98456
98709
99380
100339
100725
101078
101297
101944
102331
102784
103164
103650
104045
104481
104885
105312
105726
106121
106533
106911
107390
107761
108181
108609
108979
109433
109827
110248
110694
111080
111551
111962
112375
112820
113249
113685
114064
114501
114903
115417
115829
116232
116661
117057
117535
117955
118360
118771
119268
119738
120158
120537
120984
121378
121874
122278
122707
123161
123540
124027
124439
124860
125289
125717
126138
126557
127369
127870
128239
128652
129198
130039
130443
130838
131367
131771
132150
132595
133024
133461
133857
134252
134682
135110
135531
135926
136355
136801
137253
137657
138053
138508
138928
139365
139768
140146
140583
141038
141507
141911
142298
142768
143164
143676
144096
144515
144970
145406
145835
146231
146684
147154
147616
148011
148415
148852
149297
149683
