1492
2736
5758
6497
13124
14356
14847
15778
17559
17930
18299
19711
20005
20720
21719
22205
22624
22978
23564
23852
24314
24768
25189
25564
26011
26490
26894
27407
27732
28218
28632
28825
29439
29951
30419
30573
31305
31674
32157
32650
33197
33338
33642
34029
34096
34315
35129
35576
36029
36449
37258
37417
37705
38124
38183
38269
38915
39335
39764
40082
40991
41063
41419
41850
42260
42682
43118
43595
44253
44336
44767
45202
45674
46017
46458
46912
47338
47802
48161
48610
49054
49515
50356
50492
50820
51307
51634
52166
52595
53039
53468
53815
54319
54749
55192
55647
56118
56478
56931
57462
