622
936
1249
1568
1889
2218
2538
2860
3177
3503
3832
4160
4483
4801
5121
5444
5757
6078
6395
6712
7028
7353
7673
8000
8330
8655
8979
9302
9632
9964
10296
10623
10942
11270
11593
11913
12229
12548
12873
13195
13520
13840
14161
14489
14806
15122
15432
15745
16058
16387
16718
17043
17363
17680
18002
18327
18645
18955
19264
19570
19874
20177
20481
20783
21081
21380
21683
21987
22296
22602
22910
23220
23533
23838
24142
24443
24747
25046
25340
25640
25937
26241
26544
26856
27169
27481
27788
28091
28396
28703
29016
29327
29636
29947
30257
30577
30903
31225
31543
31856
32166
32483
32802
33122
33435
33742
34058
34379
34707
35038
35371
35699
36022
36354
36693
37031
37374
37707
38036
38358
38685
39012
39337
39664
39998
40334
40664
40995
41335
41665
41990
42312
42640
42971
43305
43645
43975
44299
44629
44961
45294
45632
45963
46298
46630
46971
47309
47652
47995
48332
48662
48995
49330
49671
50010
50345
50675
51001
51330
51659
51988
52316
52648
52976
53297
53618
53943
54267
54592
54910
55223
55541
55867
56190
56515
56836
57153
57474
57797
58119
58433
58744
59056
59364
59670
59975
60283
60593
60900
61207
61513
61827
62144
62458
62774
63088
63407
63729
64052
64379
64702
65030
65355
65674
65989
66305
66620
66933
67247
67559
67872
68184
68495
68804
69112
69430
69752
70076
70398
70716
71036
71353
71672
71990
72308
72620
72934
73253
73571
73892
74210
74528
74844
75155
75471
75779
76085
76392
76696
77000
77309
77620
77930
78246
78562
78873
79182
79490
79794
80103
80406
80705
81008
81310
81621
81933
82256
82583
82909
83234
83563
83897
84234
84573
84908
85241
85569
85895
86225
86557
86895
87237
87573
87903
88242
88581
88921
89258
89594
89924
90258
90600
90936
91268
91602
91934
92265
92598
92937
93274
93616
93955
94297
94632
94968
95299
95632
95973
96312
96651
96986
97327
97671
98015
98358
98712
99058
99406
99751
100088
100422
100756
101085
101423
101757
102091
102424
102762
103107
103454
103804
104156
104502
104850
105210
105563
105912
106253
106587
106923
107258
107599
107940
108280
108621
108961
109301
109637
109972
110315
110657
110995
111331
111672
112007
112349
112693
113031
113376
113723
114073
114423
114775
115137
115505
115873
116239
116603
116959
117307
117663
118022
118386
118745
119104
119454
119806
120156
120516
120883
121244
121603
121957
122311
122670
123031
123388
123739
124090
124441
124787
125132
125479
125828
126180
126529
126881
127228
127572
127918
128266
128612
128951
129289
129634
129993
130353
130706
131057
131397
131736
132072
132411
132751
133088
133427
133766
134110
134446
134790
135123
135456
135789
136119
136448
136775
137097
137422
137746
138060
138376
138689
139003
139328
139654
139974
140286
140604
140924
141253
141575
141893
142203
142521
142830
143139
143440
143739
144041
144344
144642
144943
145243
145548
145859
146164
146466
146770
147078
147384
147684
147983
148279
148573
148867
149161
149455
149753
