76
413
742
1085
1437
1781
2114
2449
2786
3127
3468
3800
4127
4457
4786
5120
5445
5766
6092
6424
6750
7067
7387
7709
8034
8356
8670
8986
9306
9627
9947
10262
10572
10887
11205
11519
11823
12132
12451
12764
13071
13376
13683
13993
14299
14601
14903
15212
15514
15810
16108
16409
16717
17026
17325
17629
17938
18252
18563
18873
19189
19506
19820
20128
20442
20756
21068
21374
21679
21994
22319
22643
22955
23269
23589
23913
24230
24540
24856
25175
25499
25821
26133
26443
26758
27084
27407
27727
28062
28404
28735
29068
29414
29755
30090
30434
30786
31125
31450
31783
32119
32452
32783
33116
33457
33802
34136
34473
34818
35155
35487
35808
36138
36475
36811
37142
37469
37804
38146
38494
38833
39177
39535
39897
40246
40590
40932
41279
41620
41950
42276
42605
42934
43265
43588
43916
44255
44596
44927
45257
45594
45937
46269
46591
46920
47254
47574
47887
48201
48519
48847
49183
49516
49845
50178
50521
50870
51212
51548
51887
52227
52564
52892
53216
53539
53864
54197
54539
54876
55212
55548
55899
56262
56629
56988
57339
57694
58053
58400
58737
59075
59414
59754
60097
60429
60768
61117
61470
61811
62148
62498
62850
63206
63550
63888
64233
64582
64933
65288
65629
65968
66313
66652
66985
67319
67664
68013
68371
68714
69049
69391
69738
70072
70404
70726
71059
71407
71756
72110
72470
72813
73159
73513
73867
74208
74538
74876
75225
75570
75918
76266
76600
76928
77249
77567
77891
78221
78555
78893
79225
79556
79891
80232
80580
80929
81273
81617
81971
82325
82681
83038
83385
83726
84075
84439
84813
85176
85531
85893
86259
86621
86977
87323
87661
88009
88357
88707
89059
89404
89742
90090
90442
90781
91104
91433
91772
92105
92428
92762
93100
93440
93782
94125
94474
94813
95147
95487
95828
96176
96515
96861
97205
97540
97869
98202
98540
98869
99192
99520
99852
100185
100514
100842
101174
101496
101816
102142
102467
102791
103117
103446
103766
104088
104415
104742
105071
105394
105714
106038
106364
106685
107005
107327
107651
107971
108285
108595
108910
109228
109547
109867
110187
110503
110817
111140
111461
111784
112100
112414
112732
113057
113383
113699
114009
114321
114635
114954
115279
115603
115921
116240
116563
116887
117214
117544
117864
118181
118501
118825
119146
119468
119790
120109
120424
120739
121060
121390
121724
122058
122388
122715
123049
123384
123721
124056
124383
124704
125030
125357
125694
126030
126363
126692
127022
127354
127690
128030
128372
128729
129077
129418
129755
130085
130409
130740
131080
131420
131761
132100
132439
132788
133140
133493
133840
134189
134545
134904
135262
135613
135957
136300
136639
136972
137300
137623
137943
138264
138591
138929
139271
139617
139961
140298
140634
140971
141310
141646
141984
142321
142658
142990
143318
143653
143989
144328
144666
144998
145327
145664
146001
146332
146662
146993
147328
147653
147978
148307
148634
148958
149280
149608
149934
