1030
1410
1813
2232
2603
2983
3377
3787
4157
4538
4933
5344
5721
6102
6504
6917
7302
7668
8052
8446
8833
9210
9612
10027
10434
10817
11204
11601
11987
12349
12722
13107
13487
13853
14226
14617
14999
15371
15752
16144
16531
16900
17279
17666
18053
18420
18790
19168
19547
19909
20278
20665
21047
21419
21807
22210
22609
22989
23389
23802
24207
24587
24985
25392
25787
26165
26572
26990
27389
27788
28207
28630
29016
29411
29831
30252
30622
31009
31405
31807
32183
32572
32976
33406
33809
34188
34582
34968
35325
35667
36010
36362
36721
37069
37409
37755
38114
38487
38857
39214
39575
39946
40321
40686
41039
41401
41772
42139
42494
42849
43210
43572
43917
44261
44599
44930
45260
45596
45933
46265
46601
46951
47317
47688
48046
48398
48759
49133
49503
49860
50231
50618
50997
51362
51739
52130
52506
52876
53262
53658
54045
54412
54795
55185
55567
55924
56291
56670
57049
57409
57774
58151
58536
58900
59270
59651
60035
60411
60760
61124
61498
61876
62242
62613
63005
63409
63802
64176
64569
64971
65358
65720
66093
66467
66849
67223
67580
67957
68342
68714
69075
69444
69821
70209
70582
70931
71295
71671
72052
72406
72744
73103
73473
73835
74172
74506
74850
75197
75536
75874
76225
76587
76947
77292
77634
77988
78350
78719
79072
79410
79751
80101
80460
80817
81165
81496
81832
82174
82525
82879
83224
83581
83960
84349
84728
85092
85462
85836
86208
86567
86935
87315
87701
88071
88441
88828
89223
89602
89979
90369
90771
91165
91552
91958
92377
92789
93187
93605
94025
94428
94823
95234
95663
96059
96455
96861
97258
97641
98038
98443
98830
99220
99616
100012
100391
100778
101174
101565
101943
102327
102714
103097
103472
103845
104229
104611
104984
105377
105778
106195
106584
106980
107384
107772
108156
108550
108945
109323
109708
110104
110491
110861
111232
111617
111989
112356
112739
113140
113529
113916
114318
114719
115101
115482
115884
116272
116646
117033
117437
117825
118204
118606
119026
119419
119812
120230
120636
121027
121429
121865
122269
122657
123072
123495
123881
124263
124659
125053
125432
125817
126223
126652
127058
127455
127880
128291
128677
129082
129523
129932
130322
130726
131146
131553
131942
132338
132757
133181
133589
133987
134402
134813
135203
135583
135979
136383
136778
137158
137549
137968
138391
138795
139183
139583
139974
140348
140713
141057
141407
141778
142166
142545
142949
143378
143802
144210
144629
145071
145499
145902
146309
146736
147157
147563
147983
148409
148823
149241
149675
