1294
1698
2102
2496
2892
3286
3691
4078
4467
4860
5256
5636
6029
6432
6817
7214
7618
8012
8401
8803
9199
9593
9988
10383
10764
11157
11554
11941
12320
12721
13118
13515
13909
14306
14700
15093
15490
15884
16287
16692
17095
17505
17928
18339
18751
19186
19598
19977
20389
20784
21172
21575
21970
22366
22794
23197
23600
24014
24415
24811
25230
25635
26046
26464
26878
27291
27709
28130
28541
28962
29398
29819
30248
30678
31106
31532
31956
32375
32787
33224
33643
34038
34435
34848
35251
35653
36066
36460
36856
37234
37588
37958
38338
38707
39085
39472
39883
40279
40681
41077
41489
41886
42281
42700
43105
43524
43936
44355
44759
45171
45594
46021
46433
46847
47274
47688
48100
48519
48948
49370
49790
50210
50622
51036
51464
51883
52303
52733
53146
53566
53987
54406
54820
55246
55653
56063
56474
56894
57306
57712
58156
58585
59006
59426
59847
60257
60670
61091
61503
61915
62328
62740
63135
63530
63941
64336
64732
65118
65521
65906
66283
66673
67059
67436
67815
68234
68605
68934
69328
69724
70101
70429
70850
71219
71544
71915
72294
72656
73025
73395
73782
74143
74522
74916
75301
75680
76076
76470
76864
77252
77654
78048
78441
78863
79251
79643
80057
80460
80856
81266
81672
82082
82502
82931
83344
83762
84191
84604
85022
85442
85855
86269
86688
87108
87520
87940
88361
88774
89193
89613
90027
90437
90857
91271
91697
92102
92498
92909
93312
93690
94103
94513
94902
95322
95736
96146
96558
96969
97372
97770
98189
98576
98972
99374
99771
100166
100553
100965
101369
101756
102152
102596
102974
103363
103767
104162
104565
104917
105330
105725
106129
106533
106944
107365
107777
108188
108602
109019
109443
109853
110291
110703
111125
111552
111980
112393
112813
113233
113645
114065
114494
114908
115320
115748
116161
116581
117009
117431
117851
118268
118691
119112
119539
119970
120389
120802
121221
121635
122040
122443
122872
123282
123685
124107
124510
124912
125334
125738
126141
126561
126965
127376
127805
128209
128622
129049
129479
129897
130300
130723
131134
131543
131973
132385
132788
133225
133631
134033
134451
134865
135269
135681
136116
136530
136956
137393
137807
138225
138647
139067
139471
139892
140293
140696
141098
141503
141906
142307
142704
143099
143493
143880
144268
144670
145057
145443
145846
146241
146619
146996
147392
147787
148158
148526
148921
149317
149470
149688
