569
1022
1492
1963
2399
2861
3324
3785
4221
4659
5120
5589
6044
6515
7019
7532
8010
8489
8978
9482
9953
10456
10978
11490
11970
12490
13019
13533
14028
14548
15086
15614
16093
16598
17127
17631
18117
18629
19143
19630
20125
20645
21174
21669
22166
22686
23189
23659
24145
24642
25154
25632
26103
26598
27076
27538
28017
28496
28958
29444
29931
30385
30854
31334
31804
32265
32744
33231
33685
34146
34592
35045
35465
35902
36363
36808
37245
37707
38168
38597
39025
39479
39974
40426
40879
41349
41837
42291
42751
43247
43709
44146
44606
45084
45531
45985
46463
46916
47344
47796
48268
48712
49149
49619
50106
50558
51021
51524
51987
52431
52894
53380
53834
54288
54774
55270
55723
56186
56672
57134
57571
58017
58469
58907
59352
59824
60295
60739
61209
61688
62117
62537
62973
63420
63847
64276
64730
65184
65612
66056
66493
66922
67334
67771
68240
68685
69107
69558
70021
70450
70886
71340
71778
72195
72625
73086
73515
73927
74365
74826
75246
75649
76077
76523
76944
77371
77809
78264
78684
79096
79532
79979
80400
80828
81281
81736
82158
82577
83032
83494
83914
84326
84755
85192
85604
86018
86463
86941
87378
87817
88279
88708
89119
89532
89976
90440
90876
91305
91759
92221
92643
93096
93559
94004
94433
94887
95342
95762
96216
96678
97116
97554
98015
98486
98924
99387
99874
100328
100764
101219
101689
102128
102590
103094
103607
104086
104583
105087
105566
106012
106483
107003
107491
107963
108474
108988
109475
109980
110500
110961
111467
111963
112475
112946
113433
113946
114357
114819
115249
115686
116097
116526
116920
117292
117668
118064
118500
118954
119441
119895
120357
120836
121298
121726
122163
122625
123112
123559
124012
124492
124986
125431
125893
126373
126852
127289
127750
128255
128751
129211
129664
130135
130648
131134
131579
132050
132561
133049
133495
133966
134452
134940
135385
135846
136326
136797
137266
137712
138148
138593
139040
139501
139964
140442
140921
141358
141786
142232
142703
143182
143668
144130
144542
144970
145408
145869
146339
146776
147188
147598
147971
148348
148784
149197
149624
