1486
2000
2481
2982
3498
4019
4516
5019
5524
6008
6489
6988
7486
7955
8417
8900
9400
9913
10428
10944
11426
11895
12365
12844
13339
13846
14365
14879
15381
15850
16328
16825
17316
17799
18254
18716
19189
19673
20137
20582
21036
21506
21989
22474
22958
23413
23869
24336
24812
25290
25743
26208
26698
27195
27665
28135
28624
29121
29624
30095
30577
31078
31580
32054
32528
33021
33518
34009
34467
34922
35398
35884
36373
36858
37320
37794
38278
38739
39203
39645
40066
40495
40948
41437
41955
42452
42904
43355
43842
44347
44828
45287
45783
46322
46850
47346
47850
48374
48878
49350
49837
50364
50897
51392
51896
52422
52954
53449
53938
54455
54959
55433
55924
56415
56908
57377
57863
58359
58846
59316
59813
60318
60797
61275
61774
62279
62753
63238
63739
64232
64695
65186
65692
66195
66667
67155
67658
68148
68615
69102
69601
70089
70551
71028
71510
71978
72432
72910
73405
73893
74365
74860
75365
75837
76320
76819
77314
77774
78247
78740
79233
79694
80177
80685
81189
81659
82142
82635
83121
83586
84077
84588
85073
85567
86077
86587
87067
87572
88086
88589
89068
89566
90073
90564
91061
91575
92096
92583
93099
93625
94112
94622
95156
95671
96156
96662
97180
97658
98148
98659
99138
99626
100137
100637
101123
101618
102117
102582
103055
103554
104032
104501
104990
105501
105975
106465
106962
107432
107921
108434
108930
109408
109911
110418
110902
111398
111888
112353
112836
113337
113834
114301
114787
115285
115764
116226
116710
117198
117669
118148
118643
119119
119574
120046
120522
120978
121437
121916
122409
122874
123359
123848
124328
124790
125276
125772
126240
126720
127206
127676
128130
128608
129098
129559
130037
130533
131019
131485
131967
132468
132950
133414
133904
134398
134869
135336
135820
136297
136749
137215
137700
138184
138646
139128
139629
140107
140594
141100
141592
142066
142568
143074
143549
144038
144548
145054
145525
146027
146554
147060
147540
148049
148563
149049
149542
