382
825
1267
1711
2167
2611
3007
3497
3878
4399
4816
5238
5629
5700
6081
6352
6598
6951
7045
7507
7835
8206
8264
8336
8603
8679
8722
8759
8811
9014
9102
9220
9564
9666
10093
10532
10968
11381
11811
12250
12678
13090
13526
13976
14417
14842
15283
15739
16188
16616
17054
17484
17824
17922
18303
18726
18815
19141
19262
19693
20034
20379
20456
20547
21001
21424
21774
21844
22214
22615
22718
23150
23599
23945
24450
24876
25325
25719
26150
26596
27009
27433
27844
28281
28709
29145
29541
29944
30390
30788
31205
31616
32029
32430
32853
33273
33685
34118
34536
34942
35368
35782
36203
36598
37000
37410
37832
38248
38629
39034
39344
39456
39858
40244
40565
40664
41074
41502
41801
41922
42293
42620
42654
43051
43128
43512
43829
44312
44733
45145
45539
45942
46369
46791
47196
47615
48051
48489
48912
49326
49749
50179
50608
51019
51439
51869
52305
52710
53132
53566
54005
54422
54854
55284
55733
56156
56577
57014
57459
57880
58305
58735
59172
59587
60001
60429
60863
61276
61682
62102
62530
62958
63362
63781
64210
64639
65051
65459
65883
66313
66725
67129
67548
67970
68381
68776
69181
69607
70020
70407
70811
71232
71651
72061
72457
72870
73297
73700
74096
74499
74926
75354
75757
76161
76590
77019
77432
77842
78254
78681
79092
79487
79892
80319
80739
81141
81555
81983
82412
82823
83234
83654
84075
84477
84882
85310
85739
86151
86564
86991
87429
87848
88268
88699
89125
89528
89941
90364
90781
91177
91590
92017
92439
92842
93255
93681
94102
94506
94909
95329
95750
96146
96548
96960
97395
97825
98246
98683
99139
99599
100027
100436
100851
101270
101683
102078
102481
102901
103323
103728
104128
104548
104977
105412
105824
106246
106688
107136
107550
107977
108413
108859
109279
109689
110102
110531
110966
111379
111798
112236
112689
113108
113520
113941
114376
114804
115216
115655
116122
116577
117005
117445
117894
118332
118745
119170
119608
120045
120464
120893
121332
121777
122198
122624
123062
123505
123929
124349
124787
125226
125652
126064
126497
126938
127360
127771
128191
128629
129066
129477
129885
130305
130730
131148
131544
131955
132376
132802
133207
133617
134040
134464
134862
135271
135679
136102
136498
136903
137314
137735
138138
138550
138976
139400
139809
140223
140644
141063
141466
141869
142285
142701
143111
143513
143933
144362
144767
145170
145582
146003
146415
146800
147205
147624
148060
148464
148867
149279
149706
