256
759
1214
1649
2104
2591
3055
3499
3961
4448
4910
5348
5802
6281
6751
7190
7650
8131
8594
9039
9500
9971
10431
10861
11315
11793
12256
12701
13163
13659
14113
14557
15010
15473
15909
16354
16809
17287
17732
18177
18646
19118
19562
19999
20452
20922
21358
21795
22257
22720
23156
23601
24062
24516
24792
24945
25383
25833
26281
26585
26710
27146
27586
28069
28514
28969
29458
29920
30254
30366
30821
31272
31713
32017
32147
32594
33064
33518
33948
34335
34401
34866
35300
35670
36183
36640
37066
37450
37948
38392
38806
39242
39688
40159
40570
41005
41452
41891
42325
42763
43224
43663
44098
44535
44981
45421
45831
46268
46722
47150
47553
47989
48428
48839
49250
49678
50124
50545
50948
51369
51806
52218
52622
53042
53469
53898
54295
54714
55142
55570
55974
56395
56823
57261
57641
58052
58478
58892
59287
59673
60085
60513
60936
61320
61732
62161
62582
62992
63389
63817
64246
64664
65052
65455
65866
66278
66672
67068
67479
67907
68302
68706
69125
69554
69991
70402
70816
71252
71697
72126
72529
72941
73369
73814
74218
74630
75040
75513
75982
76387
76798
77228
77664
78102
78513
78917
79354
79809
80236
80632
81068
81506
81952
82356
82768
83204
83641
84045
84451
84860
85321
85745
86137
86526
86953
87373
87773
88163
88577
88987
89398
89649
89795
90213
90631
91062
91380
91456
91862
92263
92683
93078
93475
93909
94342
94733
95128
95547
95991
96388
96797
97218
97654
98067
98475
98889
99324
99723
100063
100424
100944
101264
101608
101996
102375
102720
103104
103431
103527
103921
104299
104704
105132
105577
105981
106314
106405
106832
107285
107707
108117
108548
109001
109448
109858
110296
110665
111197
111602
111986
112413
112851
113282
113694
114114
114551
114996
115416
115803
116223
116644
117082
117476
117829
118172
118315
118761
119180
119569
119922
120316
120916
121309
121730
122149
122602
123188
123433
123847
124276
124752
125512
125956
126402
126817
127233
127594
127668
128146
128552
128964
129408
129853
130293
130565
130677
131103
131564
131975
132396
132816
133262
133742
134125
134569
134869
134922
135039
135500
135931
136057
136368
136741
136811
137282
137704
138116
138584
139033
139567
139887
140334
140797
141222
141670
142140
142573
142687
143017
143378
143446
143907
144362
144790
145244
145715
146165
146500
146583
147035
147481
147938
148216
148356
148816
149288
149758
