1035
1416
1850
2269
2672
3070
3479
3886
4289
4690
5096
5465
5835
6254
6674
7085
7506
7919
8297
8706
9120
9530
9935
10338
10740
11110
11512
11924
12321
12731
13118
13481
13883
14279
14673
15069
15455
15823
16221
16623
17019
17422
17791
18163
18566
18969
19362
19766
20153
20522
20928
21346
21758
22153
22547
22943
23314
23683
24077
24488
24885
25296
25701
26070
26472
26876
27280
27656
28037
28433
28835
29229
29633
30002
30381
30766
31153
31541
31942
32337
32707
33119
33531
33927
34328
34699
35100
35463
35826
36227
36615
37008
37378
37747
38150
38552
38947
39334
39695
40058
40460
40847
41231
41617
41979
42339
42700
43062
43416
43783
44169
44532
44926
45286
45641
46026
46411
46791
47192
47555
47940
48337
48754
49132
49519
49931
50341
50747
51150
51542
51931
52307
52669
53055
53458
53870
54266
54668
55071
55440
55808
56205
56609
57011
57380
57768
58171
58568
58961
59358
59760
60131
60501
60910
61325
61736
62148
62560
62978
63393
63777
64179
64569
64961
65334
65709
66072
66483
66895
67297
67701
68096
68501
68878
69248
69643
70053
70460
70835
71223
71624
72028
72432
72834
73230
73623
73987
74355
74749
75145
75549
75926
76321
76732
77137
77514
77902
78304
78701
79070
79448
79859
80287
80658
81046
81449
81860
82248
82618
83027
83439
83817
84181
84592
84996
85390
85768
86163
86566
86969
87339
87710
88121
88524
88895
89282
89683
90079
90467
90868
91239
91609
91994
92389
92760
93129
93506
93895
94278
94658
95060
95424
95786
96189
96591
96977
97346
97716
98119
98522
98893
99296
99667
100043
100446
100849
101238
101623
102003
102371
102741
103152
103556
103952
104329
104706
105102
105506
105884
106286
106664
107026
107421
107823
108219
108588
108958
109353
109747
110133
110522
110891
111253
111649
112059
112471
112881
113286
113689
114066
114430
114833
115237
115656
116052
116429
116842
117245
117648
118044
118422
118791
119168
119572
119961
120337
120708
121124
121541
121935
122329
122691
123061
123464
123867
124261
124665
125053
125457
125900
126305
126710
127088
127464
127867
128279
128677
129054
129449
129861
130264
130675
131046
131415
131826
132230
132626
133011
133381
133743
134104
134501
134928
135348
135746
136148
136544
136921
137324
137704
138105
138483
138880
139260
139635
140007
140410
140811
141200
141596
141966
142342
142738
143133
143528
143924
144294
144664
145058
145448
145841
146252
146666
147069
147448
147885
148312
148727
149130
149515
149928
