4118
4512
5252
5654
6066
6436
6823
7217
7612
7982
8386
8780
9150
9546
9949
10343
10730
11101
11470
11857
12259
12647
13008
13376
13764
14167
14537
14924
15310
15714
16101
16470
16864
17268
17654
18016
18411
18814
19201
19578
19965
20385
20796
21166
21561
21972
22375
22745
23147
23559
23979
24358
24768
25172
25559
25928
26322
26709
27071
27440
27835
28246
28623
28994
29397
29808
30220
30590
30993
31396
31799
32168
32563
32967
33370
33764
34126
34537
34915
35301
35696
36115
36510
36888
37308
37720
38090
38468
38886
39290
39668
40037
40432
40835
41230
41607
42011
42431
42826
43195
43599
43993
44370
44733
45144
45521
45884
46286
46688
47058
47436
47823
48217
48579
48948
49351
49754
50133
50426
50896
50965
51628
51871
52795
53954
54323
54709
55071
55458
55852
56247
56616
57003
57406
57776
58162
58565
58969
59363
59741
60152
60564
60951
61354
61765
62152
62546
62957
63362
63731
64125
64520
64907
65268
65661
66057
66460
66838
67224
67635
68047
68417
68810
69223
69626
69996
70390
70794
71205
71592
71970
72381
72784
73170
73557
73968
74372
74766
75153
75565
75976
76346
76715
77118
77513
77882
78243
78655
79058
79437
79814
80217
80620
81008
81377
81789
82200
82586
82956
83351
83746
84132
84519
84922
85317
85687
86107
86511
86930
87308
87696
88106
88502
88872
89249
89645
90057
90460
90830
91258
91686
92082
92460
92880
93325
93728
94098
94510
94913
95291
95678
96089
96551
96945
97114
97794
98222
98609
99012
99424
99819
100196
100591
101011
101414
101784
102188
102607
103002
103372
103767
104162
104557
104926
105313
105708
106111
106481
106876
107272
107665
108027
108422
108817
109211
109573
109976
110380
110766
111144
111548
111951
112354
112716
113119
113531
113935
114313
114725
115153
115573
115968
116364
116793
117187
117574
117978
118373
118743
119146
119566
119986
120163
120802
121247
121651
122028
122448
122851
123213
123633
124045
124440
124817
125229
125657
126061
126438
126858
127278
127672
128059
128478
128889
129260
129662
130074
130486
130872
131265
131677
132088
132474
132886
133298
133701
134096
134507
134919
135340
135734
136137
136573
137011
137406
137818
138271
138701
139086
139482
139894
140314
140709
141103
141524
141944
142339
142717
143129
143558
144002
144431
144818
145187
145548
145943
146372
146808
147229
147666
148051
148430
148850
149269
149681
