694
1120
1456
1827
2214
2606
2971
3350
3718
4113
4516
4899
5262
5638
6016
6402
6757
7133
7541
7941
8330
8709
9076
9431
9812
10207
10606
10976
11341
11732
12124
12519
12882
13247
13651
14108
14469
14846
15255
15742
16105
16517
16917
17303
17705
18153
18526
18881
19285
19747
20129
20522
20907
21373
21756
22207
22552
22936
23329
23840
24128
24514
24930
25371
25743
26196
26548
26955
27414
27799
28207
28587
29005
29425
29823
30229
30622
31017
31429
31821
32184
32634
32992
33424
33767
34144
34563
35008
35359
35741
36185
36557
36930
37320
37773
38115
38505
38883
39232
39676
40081
40480
40889
41240
41626
42020
42482
42898
43199
43577
43931
44272
44658
45006
45392
45805
46167
46531
46932
47320
47713
48077
48438
48816
49196
49569
49925
50315
50719
51132
51530
51917
52313
52732
53106
53481
53883
54278
54746
55050
55314
55444
55875
56298
56697
57078
57493
57917
58336
58731
59166
59486
59895
60309
60724
61120
61491
61874
62288
62700
63096
63484
63849
64249
64650
65046
65412
65786
66191
66596
67000
67381
67754
68139
68543
68944
69318
69675
70055
70451
70854
71260
71625
71994
72377
72779
73189
73603
73985
74361
74756
75155
75551
75925
76301
76698
77091
77479
77854
78228
78617
79008
79373
79741
80105
80494
80880
81280
81648
82010
82390
82785
83190
83575
83943
84327
84726
85131
85513
85885
86257
86642
87037
87439
87834
88206
88617
89018
89416
89787
90147
90530
90936
91329
91706
92074
92459
92863
93261
93634
93993
94374
94760
95137
95501
95865
96245
96647
97040
97426
97796
98181
98581
98992
99399
99776
100160
100555
100941
101330
101713
102083
102461
102898
103235
103601
103971
104347
104724
105105
105473
105834
106198
106569
106948
107321
107684
108059
108454
108849
109255
109629
109995
110377
110776
111168
111535
111901
112268
112652
113036
113423
113786
114158
114536
114920
115311
115685
116042
116416
116802
117184
117559
117923
118294
118690
119077
119462
119831
120196
120578
120972
121378
121768
122136
122524
122921
123321
123696
124074
124486
124887
125285
125667
126046
126446
126861
127272
127652
128019
128401
128791
129182
129556
129946
130361
130775
131184
131568
131964
132381
132799
133212
133594
133968
134359
134762
135166
135573
135955
136337
136732
137146
137543
137920
138306
138711
139110
139504
139877
140277
140662
141050
141429
141826
142246
142695
143067
143459
143862
144270
144650
145029
145428
145833
146227
146607
146995
147395
147796
148183
148555
148936
149325
149722
