690
1854
2239
2645
3019
3410
3809
4200
4589
4965
5364
5756
6157
6562
6949
7337
7738
8130
8529
8908
9294
9695
10084
10457
10837
11221
11613
12002
12405
12792
13154
13597
14012
14400
14803
15202
15606
16007
16374
16544
17147
17550
17939
18329
18730
19141
19550
19961
20352
20753
21144
21547
21922
22313
22712
23114
23501
23851
24279
24668
25059
25444
25697
26209
26602
26975
27364
27753
28142
28543
28919
29306
29697
30099
30487
30874
31277
31681
32066
32448
32836
33238
33638
34013
34400
34791
35179
35582
35970
36356
36759
37137
37540
37928
38303
38637
39055
39405
39792
40179
40583
40986
41388
41765
42167
42569
42975
43133
43749
44150
44548
44930
45317
45718
46110
46498
46883
47249
47570
47972
48280
48723
49086
49220
49904
50396
50519
50908
51860
52155
52615
53001
57174
57517
58259
58699
59074
59438
59798
60160
60617
61009
61425
61823
62213
62604
63017
63407
63796
64188
64597
65005
65399
65792
66209
66624
67040
67443
67843
68260
68678
69078
69481
69889
70308
70702
71093
71491
71893
72285
72658
73038
73426
73831
74229
74594
74954
75411
75839
76229
76631
77034
77447
77850
78238
78641
78937
79432
79613
79848
80234
80546
81029
81404
81781
82179
82584
82978
83372
83777
84194
84635
85066
85456
85871
86289
86676
87064
87455
87882
88312
88713
89144
89585
89987
90148
90806
91236
91396
92037
92444
92797
93248
93624
93983
94402
94797
94964
95338
95555
95941
96345
96752
97149
97539
97943
98355
98735
99126
99527
99938
100329
100718
101118
101525
101927
102299
102624
103131
103563
103947
104242
104702
105108
105558
113758
118048
118208
118612
119011
119430
119850
120248
120599
121065
121430
121881
122154
122689
122860
123104
123483
123867
124218
124639
124998
125399
125600
126152
126485
126920
127141
127694
128158
128246
128792
129105
129572
129945
130311
130682
131083
131466
131855
132253
132650
133031
133407
133755
134185
134586
134962
135365
135778
136170
136571
136974
137392
137805
138192
138583
138987
139403
139815
140206
140516
141037
141358
142271
142712
143104
143463
143922
144336
144725
145115
145475
145796
146013
146054
146579
146967
147380
147770
148176
148545
148852
149274
149649
149887
