169
570
950
1347
1749
2128
2527
2907
3267
3636
3989
4339
4710
5079
5443
5828
6224
6597
6995
7381
7752
8143
8518
8875
9240
9600
9950
10318
10706
11080
11466
11867
12245
12648
13033
13408
13801
14174
14548
14939
15308
15669
16057
16422
16794
17195
17576
17965
18381
18770
19181
19610
20022
20467
20897
21327
21785
22209
22650
23092
23492
23938
24377
24791
25247
25683
26141
26632
27068
27544
28010
28447
28927
29379
29822
30323
30756
31221
31702
32139
32627
33075
33521
34000
34441
34911
35368
35797
36269
36714
37176
37669
38111
38579
39029
39435
39858
40273
40658
41072
41475
41860
42277
42679
43061
43467
43860
44230
44622
45017
45385
45763
46139
46503
46868
47247
47612
47984
48377
48744
49128
49526
49897
50278
50664
51025
51398
51784
52154
52544
52950
53328
53736
54139
54513
54905
55293
55655
56032
56422
56788
57167
57565
57947
58350
58762
59146
59552
59953
60331
60734
61138
61521
61935
62346
62740
63178
63583
63991
64427
64821
65232
65649
66040
66478
66895
67308
67756
68163
68593
69010
69395
69808
70215
70612
71045
71490
71908
72361
72788
73218
73675
74095
74549
75010
75424
75872
76306
76709
77148
77578
77987
78436
78843
79264
79717
80132
80581
81027
81428
81844
82247
82628
83037
83443
83831
84263
84684
85080
85507
85921
86317
86741
87190
87599
88028
88472
88872
89286
89688
90056
90444
90850
91231
91621
92024
92408
92812
93227
93612
94035
94445
94837
95263
95683
96070
96476
96873
97248
97654
98065
98447
98858
99262
99643
100061
100471
100858
101271
101666
102074
102494
102875
103276
103680
104061
104463
104856
105231
105619
106010
106380
106766
107152
107523
107909
108301
108677
109079
109466
109836
110222
110594
110956
111347
111737
112113
112518
112913
113296
113705
114102
114481
114888
115276
115645
116036
116439
116820
117231
117638
118017
118417
118815
119191
119578
119975
120344
120722
121101
121462
121832
122207
122560
122920
123294
123661
124050
124461
124837
125219
125625
126003
126385
126783
127176
127575
128014
128416
128814
129248
129660
130066
130511
130932
131341
131800
132247
132680
133126
133530
133981
134435
134843
135293
135697
136093
136525
136920
137336
137770
138161
138572
138979
139360
139763
140164
140544
140954
141357
141735
142130
142514
142877
143246
143623
143984
144363
144755
145126
145517
145925
146298
146679
147064
147426
147799
148198
148582
148965
149385
149773
