267
671
1069
1487
1877
2270
2698
3117
3555
4011
4423
4851
5280
5684
6112
6532
6934
7366
7769
8174
8613
9024
9450
9883
10285
10693
11107
11499
11906
12335
12739
13157
13595
13998
14422
14854
15261
15692
16112
16509
16924
17320
17714
18141
18570
18993
19464
19890
20329
20773
21180
21609
22037
22433
22856
23285
23684
24109
24557
24960
25386
25823
26223
26641
27074
27477
27903
28338
28743
29178
29617
30018
30447
30879
31271
31681
32086
32473
32882
33310
33710
34128
34549
34944
35363
35791
36186
36594
37012
37397
37799
38245
38664
39130
39584
40004
40458
40875
41301
41757
42169
42594
43037
43444
43877
44322
44735
45189
45650
46068
46519
46965
47373
47814
48265
48684
49119
49549
49953
50388
50831
51231
51655
52090
52490
52909
53331
53729
54145
54573
54973
55397
55817
56213
56636
57075
57476
57907
58339
58737
59161
59589
59992
60427
60871
61277
61708
62147
62551
62972
63411
63820
64246
64705
65121
65572
66029
66441
66881
67301
67710
68149
68561
68983
69430
69837
70262
70682
71076
71497
71912
72302
72707
73125
73513
73924
74339
74735
75162
75586
75987
76416
76835
77228
77647
78056
78446
78864
79275
79675
80112
80522
80923
81355
81760
82154
82581
82988
83388
83820
84233
84630
85048
85450
85836
86255
86659
87049
87465
87869
88249
88648
89047
89426
89824
90242
90641
91056
91478
91872
92286
92709
93101
93511
93930
94318
94707
95118
95504
95891
96296
96685
97061
97462
97868
98255
98645
99038
99408
99779
100177
100556
100929
101332
101738
102123
102532
102947
103344
103779
104205
104595
105000
105408
105792
106187
106600
106984
107387
107818
108218
108635
109070
109465
109884
110298
110683
111086
111514
111918
112343
112800
113223
113662
114111
114510
114927
115337
115722
116123
116551
116954
117387
117825
118241
118690
119117
119514
119930
120339
120721
121121
121535
121922
122318
122723
123109
123505
123909
124287
124665
125064
125442
125817
126216
126604
126978
127376
127764
128128
128502
128880
129244
129609
129999
130380
130764
131167
131551
131948
132354
132737
133133
133537
133915
134300
134697
135072
135469
135885
136282
136699
137123
137516
137906
138317
138708
139096
139512
139901
140288
140705
141103
141490
141894
142288
142666
143074
143483
143866
144274
144689
145079
145481
145901
146296
146707
147133
147529
147940
148384
148788
149220
149675
