816
1158
1485
1822
2174
2530
2872
3219
3579
3921
4245
4578
4923
5260
5597
5948
6288
6620
6945
7267
7580
7897
8223
8545
8864
9194
9518
9854
10198
10555
10894
11223
11561
11914
12267
12600
12931
13269
13629
13973
14308
14652
15006
15367
15703
16035
16382
16743
17089
17424
17776
18138
18498
18843
19188
19542
19895
20232
20568
20919
21273
21616
21952
22297
22659
23007
23343
23685
24038
24392
24735
25074
25426
25787
26132
26469
26822
27182
27534
27865
28206
28560
28912
29248
29586
29939
30292
30629
30969
31311
31670
32008
32344
32696
33057
33412
33747
34092
34453
34821
35174
35505
35847
36199
36545
36882
37225
37572
37930
38270
38603
38938
39276
39610
39938
40265
40603
40950
41291
41629
41979
42342
42693
43024
43359
43694
44031
44358
44679
45006
45342
45686
46016
46353
46696
47033
47361
47687
48018
48359
48680
49008
49343
49688
50026
50359
50696
51047
51396
51736
52067
52418
52774
53114
53444
53788
54149
54503
54845
55185
55541
55898
56246
56592
56938
57296
57642
57978
58323
58684
59036
59373
59719
60071
60435
60782
61127
61488
61858
62210
62557
62916
63269
63605
63941
64292
64654
64993
65329
65671
66014
66361
66704
67049
67401
67766
68124
68477
68823
69174
69502
69830
70173
70520
70862
71191
71528
71881
72239
72585
72929
73274
73610
73937
74270
74602
74938
75272
75600
75944
76289
76617
76948
77282
77626
77954
78275
78619
78969
79316
79649
79972
80305
80635
80952
81268
81593
81912
82247
82591
82922
83248
83577
83921
84271
84611
84938
85268
85602
85933
86267
86579
86915
87262
87615
87956
88294
88649
89009
89355
89689
90033
90388
90748
91086
91424
91777
92146
92507
92870
93238
93601
93946
94289
94648
94996
95332
95661
96013
96382
96739
97081
97427
97787
98139
98480
98824
99176
99536
99875
100207
100538
100881
101234
101572
101907
102252
102603
102947
103275
103604
103939
104275
104604
104933
105285
105637
105974
106318
106671
107022
107358
107689
108033
108386
108719
109049
109392
109736
110072
110395
110744
111099
111445
111779
112124
112468
112805
113132
113466
113811
114149
114484
114820
115166
115502
115829
116164
116502
116854
117180
117508
117846
118181
118502
118837
119173
119525
119860
120181
120506
120826
121139
121446
121751
122093
122437
122776
123104
123438
123797
124151
124488
124829
125183
125538
125874
126210
126554
126909
127251
127586
127937
128293
128638
128973
129325
129686
130044
130389
130729
131079
131439
131777
132105
132447
132797
133154
133492
133834
134182
134535
134870
135207
135559
135912
136248
136580
136928
137282
137624
137962
138307
138661
139015
139351
139695
140049
140407
140738
141079
141435
141787
142123
142453
142795
143144
143480
143814
144167
144530
144874
145202
145553
145910
146254
146590
146942
147312
147665
148009
148364
148732
149084
149422
149772
