990
1352
1704
2041
2402
2780
3133
3470
3823
4185
4555
4908
5244
5596
5959
6311
6648
6975
7311
7631
7959
8286
8613
8941
9278
9655
10043
10412
10748
11093
11445
11798
12134
12461
12814
13166
13528
13872
14216
14569
14938
15291
15627
15980
16332
16677
17021
17357
17692
18045
18390
18717
19053
19380
19724
20086
20456
20800
21137
21505
21876
22236
22572
22918
23278
23640
23992
24328
24689
25058
25412
25749
26093
26454
26825
27177
27530
27866
28219
28564
28907
29237
29589
29943
30288
30624
30943
31271
31591
31927
32288
32658
33003
33348
33718
34104
34473
34818
35164
35525
35886
36223
36558
36903
37256
37609
37954
38282
38626
38972
39341
39685
40022
40383
40737
41090
41427
41772
42131
42485
42823
43158
43502
43856
44185
44512
44832
45152
45470
45824
46178
46522
46867
47236
47606
47959
48288
48649
49019
49389
49741
50086
50441
50826
51213
51575
51928
52306
52677
53047
53399
53760
54139
54534
54896
55241
55601
55989
56391
56754
57098
57460
57837
58216
58577
58922
59267
59627
59973
60318
60670
61033
61410
61763
62115
62486
62872
63241
63587
63973
64376
64754
65115
65469
65861
66248
66601
66953
67322
67710
68078
68423
68776
69154
69523
69868
70213
70589
70959
71313
71657
72009
72378
72757
73117
73453
73806
74166
74511
74847
75183
75527
75863
76190
76501
76819
77131
77474
77844
78222
78582
78919
79263
79633
79994
80346
80683
81018
81380
81766
82127
82480
82832
83202
83588
83949
84311
84663
85008
85378
85763
86124
86477
86854
87225
87585
87922
88266
88603
88938
89258
89577
89897
90216
90569
90939
91300
91644
91981
92335
92713
93066
93386
93729
94075
94419
94764
95110
95487
95866
96228
96580
96934
97303
97666
98011
98347
98708
99070
99431
99784
100130
100483
100852
101207
101551
101912
102298
102661
103014
103358
103728
104098
104459
104804
105149
105527
105898
106258
106596
106966
107344
107715
108075
108428
108791
109169
109538
109884
110228
110589
110959
111305
111641
111986
112348
112709
113062
113391
113752
114130
114483
114828
115172
115527
115896
116241
116569
116914
117291
117661
118014
118359
118737
119115
119477
119821
120182
120569
120946
121299
121644
122005
122382
122735
123080
123441
123819
124188
124533
124885
125245
125599
125943
126287
126639
126984
127320
127639
127959
128285
128621
128982
129360
129721
130058
130419
130789
131157
131509
131845
132182
132534
132879
133215
133543
133878
134231
134601
134945
135298
135676
136063
136432
136777
137130
137490
137859
138205
138541
138877
139214
139566
139903
140231
140575
140937
141298
141635
141971
142307
142644
143007
143384
143746
144090
144435
144797
145167
145521
145864
146210
146571
146924
147269
147613
147984
148370
148750
149103
149438
149833
