569
915
1263
1600
1962
2313
2676
3036
3387
3723
4070
4433
4800
5175
5537
5887
6237
6584
6932
7295
7647
8035
8368
8800
9067
9418
9792
10158
10533
10896
11259
11609
11960
12319
12684
13048
13411
13783
14134
14486
14833
15182
15546
15934
16311
16674
17036
17388
17749
18113
18487
18863
19229
19592
19952
20300
20665
21038
21418
21808
22197
22588
22963
23326
23700
24091
24480
24860
25250
25636
26000
26352
26724
27089
27477
27856
28245
28623
28995
29348
29710
30085
30462
30841
31229
31608
31980
32333
32693
33058
33433
33812
34201
34589
34966
35330
35694
36079
36458
36847
37239
37639
38005
38368
38731
39095
39470
39858
40236
40613
40978
41352
41704
42077
42455
42831
43207
43582
43947
44298
44657
45010
45384
45748
46125
46478
46840
47198
47563
47939
48329
48720
49085
49447
49809
50170
50543
50910
51289
51661
52027
52391
52752
53101
53463
53836
54219
54597
54972
55323
55682
56033
56399
56774
57151
57540
57916
58294
58657
59021
59372
59731
60106
60483
60866
61251
61626
62002
62353
62706
63067
63433
63808
64208
64574
64964
65332
65703
66067
66445
66838
67225
67614
68000
68366
68739
69100
69471
69860
70258
70637
71015
71392
71754
72130
72521
72909
73326
73733
74124
74499
74877
75267
75655
76045
76435
76826
77214
77576
77967
78360
78762
79165
79568
79953
80324
80713
81114
81521
81922
82315
82703
83069
83444
83833
84225
84616
85005
85383
85770
86146
86512
86878
87252
87641
88018
88409
88798
89174
89550
89900
90263
90626
91004
91382
91746
92110
92469
92822
93199
93563
93950
94314
94677
95040
95404
95769
96144
96520
96883
97236
97597
97960
98336
98715
99103
99471
99845
100196
100558
100935
101476
101596
101690
102080
102456
102818
103182
103534
103922
104299
104676
105040
105414
105769
106128
106484
106855
107231
107609
107988
108365
108729
109092
109453
109808
110179
110544
110921
111285
111661
112025
112388
112748
113116
113491
113868
114233
114611
114986
115349
115712
116067
116427
116790
117153
117516
117882
118244
118595
118958
119320
119695
120073
120451
120832
121194
121554
121905
122268
122631
122995
123360
123722
124077
124423
124771
125124
125484
125848
126211
126575
126928
127276
127625
127975
128338
128701
129066
129601
130133
130492
130856
131209
131584
131949
132313
132675
133025
133372
133715
134072
134425
134789
135163
135515
135878
136311
136740
136958
137292
137656
138031
138399
138771
139124
139472
139824
140173
140537
141126
141259
141646
142009
142356
142706
143071
143446
143810
144186
144564
144931
145293
145643
146003
146366
146734
147111
147481
147649
148010
148374
148566
148916
149278
149643
