234
592
953
1306
1655
2003
2356
2725
3093
3456
3817
4174
4523
4867
5212
5569
5940
6319
6693
7070
7437
7797
8153
8516
8888
9265
9636
10008
10380
10742
11097
11447
11812
12188
12567
12943
13318
13689
14051
14409
14774
15153
15534
15910
16288
16664
17027
17385
17748
18115
18481
18847
19211
19569
19923
20284
20655
21024
21393
21756
22111
22458
22812
23179
23541
23902
24260
24613
24961
25308
25668
26039
26413
26787
27168
27535
27892
28250
28610
28974
29334
29695
30059
30413
30760
31106
31460
31823
32184
32548
32913
33275
33630
33982
34344
34710
35073
35436
35794
36141
36486
36834
37190
37553
37914
38278
38640
38998
39348
39696
40052
40419
40786
41156
41523
41884
42237
42585
42937
43298
43660
44023
44388
44747
45097
45447
45803
46168
46535
46899
47262
47624
47981
48330
48678
49031
49389
49752
50115
50477
50846
51203
51552
51904
52261
52624
52984
53338
53688
54035
54375
54717
55064
55426
55790
56154
56517
56876
57226
57574
57926
58285
58646
59004
59362
59722
60070
60415
60757
61102
61454
61814
62171
62527
62879
63233
63578
63917
64256
64603
64962
65327
65690
66053
66417
66773
67122
67476
67841
68214
68582
68949
69311
69665
70011
70361
70724
71097
71467
71837
72210
72573
72936
73311
73682
74054
74422
74781
75136
75494
75855
76210
76563
76915
77270
77634
77994
78344
78695
79053
79411
79768
80115
80456
80801
81149
81490
81833
82178
82521
82869
83219
83567
83909
84244
84574
84909
85251
85599
85942
86290
86642
86986
87324
87663
88010
88364
88720
89079
89429
89770
90108
90455
90815
91171
91535
91898
92263
92616
92960
93303
93654
94013
94372
94734
95096
95450
95793
96132
96479
96836
97199
97562
97928
98287
98642
98992
99350
99713
100080
100441
100794
101140
101492
101850
102215
102575
102935
103287
103632
103982
104347
104710
105078
105441
105796
106143
106486
106840
107204
107568
107933
108299
108658
109007
109362
109727
110093
110462
110836
111207
111568
111921
112282
112657
113034
113411
113792
114171
114542
114904
115269
115647
116030
116407
116787
117166
117535
117897
118252
118615
118992
119373
119756
120135
120511
120872
121226
121585
121958
122333
122704
123071
123440
123794
124141
124488
124844
125213
125578
125943
126306
126662
127009
127358
127713
128074
128434
128797
129168
129525
129880
130228
130585
130953
131323
131695
132067
132430
132783
133135
133492
133855
134215
134579
134942
135303
135654
136016
136391
136769
137146
137527
137904
138267
138618
138964
139316
139674
140034
140399
140758
141108
141452
141794
142137
142492
142865
143240
143612
143990
144365
144726
145080
145432
145796
146163
146527
146895
147262
147620
147973
148321
148676
149040
149404
149766
