1025
1530
2014
2356
2899
3370
3844
4317
4765
5183
5691
6130
6656
7106
7557
8001
8517
8963
9413
9889
10733
10834
11684
12156
12637
13147
13610
14063
14570
15035
16030
16508
17002
17493
17967
18445
18955
19460
19939
20388
20818
21337
21860
22273
22686
23162
23829
24119
24971
25078
25669
25974
26462
26927
27357
27877
28361
29050
29264
29743
30234
31038
31634
32131
32633
33011
33572
34058
34565
35080
35567
36025
36502
37000
37500
37972
38425
38885
39331
40304
40773
41212
42165
42620
44011
44463
44900
45307
46303
46790
47898
48060
48173
48653
49146
49942
50050
50499
51031
51830
51942
52405
52836
53334
53927
54191
54657
56024
56466
56897
57408
57596
58298
58721
60137
60320
60560
62534
62918
63568
64373
64862
65325
65952
66744
67200
68050
69006
70404
70860
71327
71800
72246
72663
73183
73633
74094
74581
75182
75377
75469
75914
76440
77338
77778
78308
78781
79223
80136
80628
81165
81603
82058
82490
82963
83487
83936
84366
84856
85408
85648
86120
86221
86762
87255
87786
88259
88708
89162
89651
90131
90996
91215
91465
91979
92431
92848
93205
93563
93817
94332
94772
95277
95723
96161
96599
97132
97584
98087
98532
98957
99428
99933
100444
100855
101286
101718
102219
103152
103583
104002
104474
104944
105912
106164
106353
106836
107283
107810
108150
108700
109174
109665
110189
110615
111065
111529
112020
112516
113012
113475
113932
114395
114892
115384
115849
116295
116777
117260
117754
118227
118675
119143
119621
120098
120988
121458
121895
122416
122997
123293
123761
124249
124743
125208
125659
126127
126624
127081
127602
128052
128477
128980
129424
130382
130825
131315
131755
132714
133163
133641
134114
134584
134763
135212
135430
135890
136387
136850
137730
138183
138656
139085
140030
140200
140454
140916
141395
141839
142048
142730
143150
143523
143964
144411
144900
145326
145719
146173
147131
147573
147960
148422
148895
149431
