2356
6656
10733
10834
11684
16030
23829
24119
24971
25078
25669
25974
29050
29264
31038
31634
33011
40304
42165
44011
46303
46790
47898
48060
48173
49942
50050
51031
51830
51942
53927
54191
56024
57408
57596
58298
60137
60320
60560
62534
63568
64373
65953
66745
68051
69007
70405
75183
75378
75470
76441
77339
80137
85649
86121
86222
90997
91216
91466
93818
94333
97133
103153
105913
106165
106354
107811
108151
108701
120989
123294
130383
132716
134765
135432
137732
140032
140202
140456
142050
142732
147133
