278
751
1226
1703
2195
2649
3100
3568
4030
4494
4937
5403
5881
6361
6816
7281
7778
8303
8833
9354
9845
10323
10783
11172
11651
12117
12598
13071
13521
13974
14424
14853
15293
15738
16192
16642
17080
17540
18028
18507
18964
19398
19829
20284
20755
21244
21743
22238
22712
23198
23692
24205
24682
25170
25661
26154
26660
27153
27647
28153
28669
29158
29625
30110
30599
31096
31591
32067
32523
32998
33485
33982
34453
34897
35353
35823
36302
36779
37238
37685
38151
38628
39118
39603
40056
40508
40980
41461
41945
42409
42860
43327
43802
44283
44738
45206
45680
46138
46584
47048
47526
48007
48484
48944
49412
49893
50375
50855
51310
51779
52260
52734
53186
53628
54081
54536
54994
55437
55878
56337
56804
57274
57719
58181
58655
59121
59574
60044
60528
60986
61456
61928
62376
62846
63299
63737
64190
64647
65085
65522
65976
66417
66862
67313
67744
68192
68627
69055
69503
69961
70391
70846
71321
71762
72224
72701
73143
73597
74066
74538
74982
75424
75889
76360
76817
77252
77714
78194
78679
79130
79580
80053
80531
81002
81455
81913
82390
82869
83318
83760
84222
84684
85123
85577
86045
86488
86942
87422
87892
88345
88830
89327
89792
90256
90743
91251
91743
92208
92688
93177
93655
94112
94572
95059
95552
96048
96513
96975
97457
97950
98414
98893
99390
99881
100342
100830
101330
101812
102271
102751
103239
103697
104142
104611
105089
105569
106022
106501
106994
107463
107930
108412
108877
109346
109826
110285
110741
111211
111680
112124
112586
113056
113507
113977
114440
114893
115368
115846
116300
116775
117255
117707
118184
118652
119103
119573
120033
120483
120951
121424
121874
122338
122818
123280
123747
124223
124673
125104
125540
125969
126397
126847
127291
127747
128208
128654
129121
129598
130076
130524
130987
131470
131959
132419
132891
133376
133866
134323
134800
135288
135766
136223
136703
137194
137675
138131
138604
139094
139596
140067
140522
141001
141499
141995
142460
142938
143445
143954
144440
144912
145401
145913
146399
146889
147402
147923
148405
148882
149380
149892
