613
949
1284
1604
1940
2293
2671
3049
3427
3790
4159
4512
4849
5201
5564
5924
6277
6621
6959
7328
7707
8076
8438
8790
9119
9439
9766
10110
10472
10841
11203
11557
11909
12254
12599
12969
13338
13708
14062
14407
14759
15112
15465
15810
16162
16516
16877
17255
17625
17979
18332
18685
19038
19383
19727
20071
20425
20787
21164
21526
21871
22224
22585
22939
23291
23627
23956
24292
24645
24998
25342
25671
26016
26377
26722
27059
27403
27755
28101
28438
28773
29109
29454
29800
30152
30489
30817
31154
31506
31851
32187
32523
32834
33178
33515
33859
34187
34515
34843
35179
35532
35893
36237
36573
36918
37254
37573
37909
38246
38566
38910
39237
39573
39917
40254
40581
40901
41220
41548
41884
42228
42556
42876
43178
43480
43774
44085
44413
44757
45085
45412
45732
46035
46337
46632
46942
47254
47589
47927
48271
48607
48935
49262
49574
49884
50180
50482
50783
51087
51415
51767
52129
52507
52852
53189
53524
53844
54146
54457
54776
55122
55483
55861
56224
56576
56912
57240
57560
57879
58198
58509
58822
59149
59527
59905
60299
60686
61057
61427
61796
62156
62494
62837
63174
63535
63922
64317
64704
65090
65477
66166
66510
66871
67249
67627
68014
68391
68745
69098
69451
69811
70182
70552
70931
71308
71670
72039
72384
72728
73081
73443
73821
74200
74578
74948
75302
75654
76007
76361
76722
77076
77445
77807
78159
78506
78867
79229
79597
79951
80312
80658
81003
81356
81708
82045
82382
82726
83070
83424
83770
84114
84459
84804
85157
85502
85838
86174
86519
86856
87192
87511
87856
88193
88545
88883
89210
89553
89882
90211
90546
90865
91194
91539
91891
92235
92572
92918
93270
93614
93943
94278
94615
94966
95320
95674
96017
96354
96706
97052
97404
97741
98077
98413
98758
99102
99446
99783
100129
100489
100834
101171
101514
101859
102188
102523
102861
103213
103549
103886
104231
104576
104920
105256
105592
105937
106291
106643
106979
107308
107652
108005
108341
108677
109014
109359
109712
110048
110376
110713
111064
111418
111764
112107
112460
112815
113166
113502
113839
114176
114536
114898
115252
115621
115974
116320
116672
117016
117338
117673
118026
118370
118707
119068
119438
119798
120146
120505
120851
121187
121523
121883
122221
122548
122885
123238
123584
123935
124272
124624
124978
125323
125652
125987
126323
126668
127005
127341
127677
128030
128392
128745
129098
129451
129812
130165
130501
130846
131206
131550
131896
132249
132619
132988
133342
133694
134056
134425
135156
135485
135820
136172
136526
136887
137240
137585
137954
138324
138678
139029
139382
139745
140106
140466
140812
141173
141543
141897
142256
142618
142996
143351
143703
144055
144409
144777
145132
145484
145837
146207
146593
146971
147340
147695
148063
148417
148770
149106
149459
149821
