104
409
719
1023
1333
1651
1971
2308
2660
3013
3359
3696
4032
4360
4688
5015
5341
5663
5982
6295
6613
6925
7245
7579
7918
8278
8623
8966
9302
9625
9944
10263
10582
10901
11221
11556
11887
12221
12549
12868
13182
13500
13819
14137
14458
14778
15105
15433
15760
16075
16391
16701
17014
17319
17628
17932
18235
18545
18857
19176
19511
19857
20217
20571
20917
21259
21590
21923
22250
22572
22901
23235
23581
23943
24312
24680
25037
25388
25733
26063
26396
26726
27060
27405
27774
28168
28567
28954
29323
29676
30020
30359
30691
31019
31355
31699
32052
32421
32793
33164
33532
33885
34229
34559
34885
35206
35533
35862
36206
36560
36912
37264
37608
37944
38270
38591
38911
39231
39557
39895
40239
40584
40922
41264
41600
41922
42248
42561
42896
43231
43569
43897
44224
44544
44870
45199
45527
45855
46182
46502
46822
47134
47445
47763
48083
48410
48738
49060
49378
49697
50007
50318
50637
50958
51278
51603
51923
52244
52562
52874
53192
53513
53841
54169
54488
54815
55145
55473
55799
56119
56440
56766
57084
57396
57707
58018
58338
58664
58985
59311
59633
59950
60264
60590
60910
61222
61540
61851
62162
62472
62776
63088
63408
63734
64055
64373
64692
65003
65314
65619
65936
66257
66585
66913
67242
67569
67895
68215
68534
68854
69181
69510
69836
70158
70477
70795
71109
71427
71755
72090
72427
72762
73091
73412
73723
74033
74335
74630
74925
75228
75537
75849
76161
76479
76799
77135
77470
77800
78126
78438
78756
79069
79395
79732
80060
80389
80714
81043
81379
81724
82068
82403
82732
83061
83389
83723
84053
84379
84698
85017
85338
85666
86000
86330
86658
86985
87305
87624
87944
88272
88599
88925
89253
89582
89911
90238
90559
90878
91196
91523
91842
92164
92489
92802
93119
93431
93750
94071
94397
94718
95044
95365
95690
96011
96338
96674
97010
97346
97675
98004
98330
98650
98976
99303
99632
99978
100345
100700
101052
101398
101740
102077
102405
102740
103078
103440
103817
104195
104563
104918
105262
105599
105944
106289
106642
106987
107316
107641
107952
108273
108601
108937
109283
109634
109971
110308
110641
110972
111299
111620
111946
112274
112618
112980
113357
113727
114088
114434
114771
115107
115451
115805
116166
116519
116871
117225
117595
117955
118302
118647
118999
119343
119680
120007
120344
120689
121033
121369
121720
122076
122436
122781
123126
123479
123830
124160
124495
124824
125175
125523
125884
126243
126597
126941
127277
127614
127951
128302
128672
129055
129431
129800
130154
130515
130860
131203
131547
131892
132263
132656
133036
133412
133775
134128
134475
134828
135203
135576
135954
136330
136692
137055
137431
137798
138164
138518
138870
139232
139595
139955
140307
140654
141014
141369
141712
142050
142385
142738
143107
143477
143840
144199
144544
144888
145243
145606
145975
146335
146681
147025
147386
147751
148119
148479
148816
149154
149506
149868
