1793
2168
2561
2977
3410
3814
4226
4642
5042
5444
5845
6273
6688
7090
7518
7973
8401
8816
9229
9685
10058
10486
10876
11318
11704
12106
12522
12938
13338
13780
14132
14531
14944
15393
15735
16176
16586
16993
17396
17808
18208
18625
19025
19415
19815
20219
20632
21046
21476
21878
22280
22693
23108
23511
23925
24312
24744
25141
25573
25958
26375
26765
27163
27539
27956
28343
28728
29139
29574
29970
30365
30738
31115
31505
31902
32229
32629
32988
33375
33744
34124
34501
34867
35239
35638
36014
36435
36766
37181
37541
37889
38221
38539
38854
39188
39534
39916
40244
40620
41035
41397
41772
42161
42565
42942
43304
43673
44071
44436
44799
45174
45593
45902
46282
46633
47004
47438
47850
48242
48605
48977
49348
49713
50106
50492
50867
51257
51665
52048
52458
52835
53238
53639
54026
54429
54824
55231
55596
55991
56372
56747
57122
57538
57898
58232
58610
58968
59356
59707
60109
60486
60864
61270
61666
62064
62450
62831
63240
63632
64023
64409
64811
65239
65601
66001
66390
66818
67194
67583
68010
68413
68815
69203
69632
70034
70427
70836
71228
71642
72015
72395
72792
73200
73571
73964
74403
74803
75243
75584
75997
76385
76786
77149
77536
77914
78341
78678
79092
79481
79869
80229
80607
80993
81398
81731
82122
82511
82872
83234
83611
84013
84375
84759
85122
85533
85889
86276
86664
87040
87415
87790
88168
88542
88949
89307
89680
90496
90886
91222
91612
91987
92428
92763
93165
93553
93915
94305
94705
95106
95524
95869
96275
96678
97065
97455
97871
98284
98672
99048
99470
99868
100256
100659
101073
101502
101893
102321
102737
103151
103516
103906
104336
104748
105149
105576
106007
106449
106836
107216
107643
108059
108488
108878
109293
109679
110110
110487
110916
111317
111706
112136
112539
112939
113326
113731
114159
114530
114897
115326
115729
116091
116519
116895
117285
117685
118115
118451
118865
119256
119705
120044
120441
120838
121226
121603
122031
122421
122822
123223
123609
123999
124362
124726
125115
125510
125883
126260
126685
127078
127517
127840
128240
128643
129097
129408
129796
130172
130532
130898
131286
131678
132037
132407
132806
133190
133592
133926
134302
134681
135066
135444
135850
136246
136622
137012
137442
137847
138220
138611
138998
139411
139787
140180
140575
140998
141371
141773
142152
142536
142939
143317
143786
144132
144550
144954
145345
145760
146174
146590
146968
147367
147756
148136
148576
148938
149327
149758
149877
