964
1287
1608
1946
2301
2643
2966
3279
3589
3921
4280
4636
4967
5291
5626
5977
6314
6638
6960
7299
7664
8031
8377
8704
9030
9367
9713
10047
10367
10695
11039
11391
11728
12057
12393
12735
13087
13424
13740
14063
14400
14743
15079
15404
15724
16056
16400
16744
17072
17394
17722
18074
18435
18791
19127
19449
19779
20116
20458
20788
21116
21445
21798
22174
22548
22904
23233
23551
23873
24211
24553
24894
25220
25536
25858
26196
26544
26880
27203
27515
27828
28155
28491
28812
29121
29432
29749
30058
30359
30656
30950
31239
31535
31845
32170
32507
32839
33146
33460
33786
34117
34434
34739
35036
35341
35673
36015
36355
36680
37004
37357
37723
38081
38414
38733
39050
39385
39733
40094
40436
40761
41090
41438
41796
42134
42466
42796
43440
43690
43992
44307
44663
45023
45367
45696
46012
46328
46646
46972
47297
47632
47956
48287
48632
48985
49341
49693
50039
50385
50716
51040
51366
51705
52056
52407
52757
53101
53427
53741
54066
54400
54743
55087
55413
55737
56072
56423
56765
57090
57427
57780
58138
58474
58792
59118
59456
59800
60130
60444
60765
61100
61443
61778
62101
62428
62772
63122
63464
63783
64107
64444
64791
65142
65483
65802
66129
66454
66797
67141
67470
67787
68113
68453
68798
69123
69440
69767
70114
70464
70797
71117
71453
71807
72153
72477
72790
73114
73443
73767
74073
74376
74686
75009
75335
75647
75961
76291
76631
76977
77307
77619
77930
78254
78589
78910
79219
79526
79844
80177
80508
80826
81130
81438
81756
82087
82426
82746
83057
83378
83715
84057
84382
84699
85026
85366
85714
86043
86359
86682
87016
87353
87679
87995
88327
88674
89023
89355
89689
90036
90388
90726
91054
91394
91749
92098
92428
92752
93091
93447
93789
94108
94427
94768
95123
95463
95790
96122
96482
96858
97213
97561
97919
98287
98637
98966
99296
99642
99996
100331
100651
100984
101331
101677
102014
102330
102652
103003
103376
103738
104073
104399
104733
105077
105428
105760
106078
106405
106753
107113
107456
107790
108135
108497
108860
109199
109520
109846
110182
110542
110894
111226
111545
111872
112214
112564
112914
113249
113578
113919
114279
114649
115002
115335
115674
116023
116377
116709
117036
117368
117713
118066
118398
118722
119055
119406
119745
120070
120410
120758
121107
121438
121762
122093
122440
122782
123105
123434
123779
124137
124473
124802
125133
125476
125818
126152
126475
126808
127162
127509
127836
128155
128482
128829
129190
129541
129871
130190
130520
130864
131212
131547
131870
132187
132512
132864
133235
133608
133956
134283
134603
134932
135276
135629
135970
136299
136631
136981
137345
137718
138067
138404
138753
139110
139474
139819
140145
140490
140849
141220
141575
141909
142246
142601
142960
143305
143634
143971
144322
144680
145032
145364
145697
146039
146397
146760
147099
147447
147813
148187
148551
148901
149251
149619
