422
731
1039
1352
1684
2024
2363
2695
3015
3337
3662
3988
4301
4608
4904
5202
5507
5816
6127
6432
6733
7041
7359
7681
8001
8314
8621
8934
9250
9568
9884
10194
10497
10800
11107
11422
11729
12035
12332
12638
12952
13268
13584
13895
14199
14507
14820
15140
15455
15764
16072
16387
16708
17033
17354
17674
17989
18314
18643
18978
19305
19627
19954
20290
20644
20980
21306
21625
21949
22277
22604
22939
23274
23634
24011
24374
24720
25051
25381
25716
26047
26370
26687
27003
27327
27658
27995
28324
28648
28970
29302
29634
29969
30297
30617
30935
31261
31595
31930
32275
32612
32943
33281
33626
33967
34305
34648
34974
35303
35633
35960
36280
36599
36917
37237
37564
37891
38211
38528
38840
39160
39483
39810
40130
40449
40764
41086
41407
41735
42063
42388
42709
43034
43369
43701
44038
44376
44695
45028
45371
45714
46044
46364
46675
46986
47303
47624
47957
48277
48590
48902
49218
49539
49873
50194
50512
50821
51139
51461
51780
52091
52402
52704
53024
53349
53667
53981
54297
54597
54903
55215
55529
55843
56148
56453
56760
57072
57383
57694
58001
58304
58600
58905
59221
59546
59868
60194
60507
60816
61131
61457
61781
62099
62411
62724
63037
63354
63692
64033
64365
64690
65008
65335
65663
65994
66321
66642
66958
67283
67609
67938
68264
68584
68896
69216
69544
69882
70216
70542
70861
71184
71514
71847
72182
72510
72834
73155
73481
73816
74145
74467
74786
75100
75426
75768
76120
76462
76794
77121
77440
77768
78101
78428
78750
79068
79380
79700
80029
80361
80698
81022
81338
81653
81975
82301
82623
82953
83279
83597
83910
84226
84553
84873
85195
85506
85822
86134
86462
86780
87108
87417
88044
88363
88685
88999
89936
90240
90564
90893
91221
91539
91859
92186
92519
92851
93190
93519
93839
94167
94504
94842
95181
95511
95843
96170
96502
96836
97165
97483
97801
98120
98432
98757
99081
99406
99725
100039
100357
100683
101013
101346
101674
102003
102333
102682
103035
103383
103726
104064
104397
104731
105072
105414
105751
106083
106411
106733
107062
107396
107725
108052
108370
108688
109010
109342
109679
110014
110342
110662
110975
111301
111641
111983
112318
112652
112981
113313
113645
113985
114323
114651
114972
115278
115591
115887
116178
116471
116773
117093
117412
117716
118033
118369
118717
119058
119382
119724
120077
120446
120796
121135
121477
121824
122174
122520
122865
123199
123553
123905
124265
124613
124958
125294
125645
125996
126351
126699
127043
127392
127752
128113
128469
128823
129168
129519
129876
130226
130575
130915
131256
131607
131961
132306
132646
132978
133308
133634
133949
134262
134583
134899
135214
135524
135844
136172
136507
136842
137170
137488
137811
138144
138475
138802
139128
139447
139776
140117
140456
140793
141120
141447
141791
142135
142467
142791
143110
143437
143769
144103
144428
144743
145069
145405
145745
146078
146412
146732
147061
147396
147735
148066
148390
148718
149057
149395
149733
