549
876
1193
1505
1824
2136
2479
2780
3082
3417
3729
4063
4376
4655
5000
5314
5625
5933
6238
6541
6880
7183
7481
7799
8101
8423
8743
9062
9378
9683
9984
10297
10610
10922
11218
11538
11841
12142
12463
12773
13084
13396
13706
14018
14327
14631
14932
15236
15547
15865
16175
16480
16781
17089
17397
17714
18026
18329
18630
18933
19243
19556
19867
20176
20480
20785
21096
21413
21724
22031
22336
22647
22959
23271
23581
23885
24194
24512
24835
25162
25483
25797
26108
26421
26739
27053
27366
27673
27981
28288
28605
28916
29227
29532
29834
30143
30460
30782
31097
31410
31723
32042
32360
32675
32992
33295
33604
33915
34242
35375
35801
36056
36359
36988
37309
37582
37887
38182
38533
38842
39138
39424
39762
40066
40371
40724
41001
41427
41506
41631
41907
42178
42503
42837
43102
43374
43674
43958
44306
44686
44982
45306
45624
45974
46293
46615
46928
47266
47611
47954
48274
48500
49241
49568
49894
50221
50568
50928
51213
51500
51859
53391
53704
54035
54402
55112
55230
56185
56563
56671
57017
57369
57671
57880
58184
58496
59125
59412
59722
60032
60455
60728
61133
61225
61326
61711
62046
62357
62676
62845
63154
63453
63739
64055
64342
64710
64977
65291
65575
65892
66214
66529
66835
67142
67460
67779
68098
68411
68719
69030
69350
69671
69986
70294
70604
70915
71274
71616
71926
72268
72355
72471
72902
73135
73849
74312
74692
75011
75505
75665
76086
76347
76590
76809
77112
77404
77582
77894
78223
78560
78882
79191
79499
79848
80166
80482
80794
81107
81420
81746
82073
82394
82715
83032
83352
83680
84007
84328
84647
84966
85336
85713
85981
86277
86680
86916
87175
87402
87755
88083
88420
88750
89092
89429
89764
90092
90407
90727
91053
91381
91706
92020
92330
92649
92970
93297
93626
93944
94255
94574
94896
95229
95558
95877
96187
96507
96835
97164
97490
97810
98130
98458
98791
99120
99440
99752
100069
100393
100718
101051
101368
101677
101993
102320
102657
102986
103303
103621
103942
104267
104594
104908
105212
105521
105838
106155
106468
106776
107078
107386
107697
108015
108325
108627
108929
109241
109553
109868
110175
110475
110779
111089
111402
111712
112014
112311
112612
112922
113242
113558
113864
114173
114486
114813
115141
115460
115770
116089
116409
116724
117040
117351
117648
117955
118266
118580
118897
119202
119504
119814
120133
120453
120776
121091
121403
121723
122044
122364
122683
123004
123320
123624
123934
124245
124570
124897
125226
125547
125860
126187
126520
126850
127176
127495
127817
128143
128464
128784
129102
129414
129726
130052
130379
130701
131025
131345
131657
131968
132293
132622
132940
133254
133576
133905
134242
134533
134856
135177
135520
135852
136166
136475
136765
136994
137194
137474
137918
138028
138307
138618
138918
139241
139550
139878
140210
140636
140948
141172
141498
141826
142155
142476
142796
143128
143458
143787
144115
144448
144775
145088
145399
145716
146038
146364
146692
147005
147316
147627
147945
148264
148592
148913
149231
149535
149835
