1471
1797
2160
2580
2983
3369
3749
4169
4605
4992
5379
5783
6187
6590
6968
7305
7665
8045
8456
8825
9203
9607
10036
10416
10808
11214
11652
12053
12449
12868
13296
13676
14071
14498
14921
15315
15718
16129
16542
16928
17348
17786
18204
18601
19028
19459
19863
20282
20718
21115
21510
21921
22358
22761
23166
23602
24031
24406
25268
25722
26201
26613
27026
27463
27933
28362
28817
29203
29607
29986
30415
30852
31239
31642
32037
32440
32810
33189
33542
33920
34289
34685
35096
35482
35878
36298
36726
37121
37516
37929
38358
38752
39147
39584
40039
40443
40872
41326
41755
42167
42612
43066
43479
43923
44377
44799
45219
45673
46086
46506
46968
47398
47818
48265
48694
49089
49518
49972
50374
50780
51224
51655
52058
52494
52931
53344
53756
54183
54613
55008
55427
55882
56311
56721
57157
57613
58024
58445
58914
59342
59753
60200
60620
61022
61450
61888
62291
62694
63115
63542
63928
64331
64752
65155
65539
65933
66337
66741
67127
67514
67933
68328
68715
69118
69529
69924
70294
70680
71075
71554
71856
72418
72645
73065
73450
73846
74223
74652
74988
75399
75735
76130
76507
76860
77205
77557
77927
78330
78716
79103
79488
79916
80320
80681
81084
81495
81866
82235
82613
83024
83378
83747
84166
84612
84998
85401
85813
86258
86652
87140
87466
87861
88239
88617
89045
89473
89884
90312
90783
91236
91640
92068
92512
92932
93369
93755
94165
94533
95123
95763
96180
96652
97072
97492
97954
98430
98842
99228
99632
100060
100505
100909
101319
101748
102210
102630
103050
103494
103948
104369
104796
105257
105711
106122
106552
107004
107416
107819
108264
108724
109129
109549
109984
110422
110817
111244
111690
112119
112530
112967
113445
113873
114285
114737
115167
115560
116014
116434
116887
117626
118028
118875
119303
119765
120210
120613
121057
121511
121973
122392
122819
123273
123751
124189
124607
125043
125480
125909
126294
126697
127108
127538
127940
128358
128796
129250
129660
130081
130524
130929
131338
131758
132195
132606
133026
133647
133908
134294
134663
135024
135393
135788
136216
136610
136996
137417
137853
138272
138675
139103
139548
139968
140354
140774
141203
141614
142001
142412
142841
143261
143638
144041
144461
144881
145267
145687
146116
146519
146914
147341
147770
148165
148559
148978
149399
149786
