1410
2292
2712
2914
3553
3965
4343
4738
5150
5554
5940
6336
6764
7572
8453
12530
14708
15322
15725
16095
16473
16860
17255
17625
17995
18340
18676
19029
19206
19769
20131
20500
20887
21081
21619
21997
22409
22804
23175
23562
23957
24370
24756
25169
25564
25934
26304
26690
27094
27287
27860
28053
28659
29063
29247
29795
30189
30601
31005
31391
31786
32199
32619
33031
33417
33829
34015
34418
34628
35023
35434
36620
37058
37477
37865
38268
38697
39117
39504
39890
40277
40680
41050
41243
41797
42201
42588
42982
43168
43839
44243
44688
45141
45570
45990
46436
46873
47276
47696
48125
48562
48755
49384
49821
50275
50687
51099
51552
51972
52392
52829
53249
53651
54055
54475
54878
55289
55709
56129
56533
56969
57414
57851
58263
58692
59136
59573
59976
60396
60824
61261
61664
61983
62546
62966
63495
64629
65049
65477
65896
66089
66669
67071
67458
67843
68028
68675
68867
69086
69505
69925
70344
70730
71141
71552
71947
72325
72710
73105
73289
73860
74255
74649
75027
75413
75808
76185
76571
76966
77360
77738
78115
78509
78879
79257
79644
80046
80416
80802
81205
81616
82009
82421
82849
83277
83680
84099
84511
84897
85283
85677
86073
86458
86862
87298
87735
87928
88541
88961
89381
89776
90187
90608
91012
91415
91852
92289
92701
93138
93592
94012
94449
94886
95306
95499
96130
96331
96995
97180
97827
98263
98675
99087
99524
99960
100381
100801
101237
101666
101876
102490
102918
103339
103741
104145
104582
104977
105372
105784
106187
106381
106919
107272
107616
107809
108314
108667
109028
109398
109751
110120
110491
110869
111239
111592
111970
112356
112735
112911
113466
113853
114248
114618
114988
115374
115762
116132
116501
116880
117267
117653
118015
118394
118788
119159
119529
119916
120310
120680
121059
121454
121841
122211
122598
122993
123397
123573
124171
124566
124986
125373
125785
126222
126635
127021
127391
127770
128165
128559
128946
129358
129803
130207
130602
131022
131466
131868
132297
132751
133179
133615
134061
134489
134900
135336
135799
136227
136672
137109
137554
137940
138360
138796
139249
139435
140081
140526
140945
141358
141794
142231
142642
143087
143557
144010
144422
144867
145337
145539
146192
146612
147041
147444
147855
148274
148686
149064
149459
149644
