269
824
1227
1437
1883
2346
2530
2588
2942
3404
3792
3960
4413
4531
5035
5422
5825
6279
6776
7254
7582
8053
8515
8969
9347
9666
10145
10650
11179
11616
12028
12473
12919
13339
13726
14146
14616
15079
15507
15919
16348
16759
17238
17600
17902
18348
18962
19424
19802
20063
20508
20978
21382
21894
22391
22601
22652
23055
23593
23979
24425
24930
25418
25737
26141
26561
26914
27419
27873
28259
28696
29185
29520
29991
30420
30840
31252
31631
31682
31917
32279
32833
33220
33758
34187
34667
35003
35567
35987
36264
36718
37180
37753
38140
38451
39006
39460
39939
40267
40327
40528
41109
41579
42008
42437
42841
43093
43513
43967
44421
44782
45237
45783
46103
46649
47045
47498
47910
48415
48734
49147
49550
49978
50391
50778
51198
51467
51895
52341
52871
52922
53081
53535
53939
54393
54956
55359
55620
56225
56663
57041
57444
57840
58294
58604
58992
59051
59235
59655
59773
60252
60714
61026
61421
61732
62295
62716
63128
63523
63977
64263
64851
65263
65725
66229
66481
66851
67297
67355
67927
68356
68768
69163
69617
69768
69818
69861
69920
70323
70709
71256
71685
72147
72560
72955
73021
73190
73795
74308
74627
75023
75250
75308
75687
75729
75939
76267
76679
77091
77410
77965
78377
78772
79193
79646
80058
80504
80958
81294
81554
81975
82428
82983
83404
83824
84118
84513
84967
85539
86001
86202
86253
86690
87085
87547
88119
88439
88985
89339
89893
90289
90709
91011
91449
91995
92407
92827
93248
93702
94164
94492
94551
94762
95123
95577
96148
96545
96897
97251
97755
98158
98605
99168
99613
100075
100588
100983
101378
101605
102076
102505
103068
103463
103883
104337
104766
105170
105565
105985
106254
106700
106851
107297
107709
107986
108533
108987
109382
109820
110147
110686
111081
111484
111870
112266
112813
113140
113577
114015
114502
114830
115267
115671
116108
116494
116907
117335
117796
118260
118646
118983
119386
119832
120227
120639
121034
121496
121891
122464
122757
123043
123598
124152
124464
124884
125287
125750
126161
126548
126977
127330
127683
128238
128641
129096
129440
129969
130061
130213
130642
131037
131540
131935
132129
132205
132532
132784
133247
133701
134264
134668
134978
135381
135777
136188
136642
137037
137483
137920
137971
138189
138508
138937
139315
139769
140190
140568
140980
141274
141719
142291
142383
142527
142955
143123
143560
144022
144417
144837
145258
145703
146106
146502
146837
147359
147812
148208
148619
149039
149510
149728
149913
