824
1437
2530
2588
2942
3960
4531
7582
10145
10650
11179
18348
18962
19424
19802
20508
20978
21382
21894
22391
22652
23055
23593
23979
24425
24930
25418
25737
26141
26561
26914
27419
27873
28259
28696
29185
29520
29991
30420
30840
31252
31631
31682
32279
32833
33220
33758
34187
34667
35003
35567
35987
36718
37180
37753
38140
39006
39460
39939
40327
40528
41109
41579
43093
44782
45783
46103
46649
48415
48734
51467
52871
52922
53081
54956
55620
56225
58604
59051
59235
59773
61026
61732
62295
64263
64851
66482
66852
67356
67928
69769
69819
69862
69921
71257
73022
73191
73796
74309
74628
