737
1173
1619
2022
2427
2871
3317
3721
4132
4569
5023
5426
5822
6268
6730
7150
7562
8007
8454
8857
9252
9681
10109
10505
10916
11370
11816
12220
12641
13093
13556
13986
14389
14801
15255
15709
16146
16550
16954
17390
17836
18256
18652
19071
19525
19946
20342
20761
21215
21668
22073
22476
22904
23342
23771
24166
24561
25005
25451
25880
26275
26695
27158
27628
28066
28477
28889
29335
29789
30193
30595
31033
31520
31974
32385
32798
33252
33730
34150
34562
35008
35470
35882
36285
36706
37175
37605
38008
38421
38874
39336
39749
40143
40555
41001
41438
41833
42237
42690
43162
43599
44003
44406
44851
45298
45702
46088
46501
46953
47399
47804
48198
48602
49031
49469
49890
50276
50654
51050
51478
51881
52268
52673
53119
53555
53950
54328
54715
55126
55540
55934
56312
56706
57111
57532
57926
58305
58708
59144
59541
59919
60314
60734
61179
61558
61928
62314
62676
63045
63399
63761
64114
64508
64904
65274
65635
66003
66382
66786
67165
67518
67888
68291
68703
69082
69451
69839
70258
70662
71031
71419
71830
72227
72604
72982
73386
73806
74192
74562
74940
75336
75790
76235
76647
77033
77411
77807
78284
78764
79192
79588
79992
80412
80832
81226
81598
81984
82396
82840
83245
83630
84009
84428
84875
85287
85680
86068
86514
86968
87388
87782
88186
88623
89069
89479
89892
90337
90799
91236
91631
92026
92447
92910
93372
93783
94212
94657
95111
95540
95960
96406
96869
97323
97726
98138
98583
99028
99450
99836
100239
100668
101113
101542
101937
102342
102770
103174
103560
103963
104393
104813
105224
105594
105971
106359
106779
107157
107526
107922
108367
108805
109209
109595
109989
110419
110864
111285
111671
112042
112444
112857
113287
113689
114058
114462
114892
115295
115673
116085
116539
116976
117371
117782
118228
118699
119119
119548
119993
120422
120817
121220
121665
122128
122540
122943
123388
123826
124229
124650
125103
125516
125911
126332
126785
127213
127608
128012
128458
128904
129300
129704
130141
130595
131015
131400
131796
132242
132704
133108
133504
133924
134370
134798
135184
135572
135992
136438
136850
137237
137648
138086
138515
138910
139305
139734
140146
140533
140919
141306
141685
142046
142408
142777
143132
143501
143905
144334
144754
145140
145519
145923
146343
146730
147116
147529
147974
148378
148756
149159
149614
