1102
1571
2027
2498
2966
3420
3895
4378
4854
5317
5797
6280
6758
7226
7716
8211
8704
9188
9692
10193
10668
11143
11626
12115
12596
13098
13621
14128
14607
15111
15604
16067
16508
16988
17472
17935
18392
18873
19365
19834
20324
20823
21297
21747
22227
22705
23163
23633
24113
24576
25038
25527
26027
26488
26979
27467
27947
28411
28897
29383
29867
30348
30852
31353
31834
32328
32834
33340
33821
34327
34827
35345
35826
36320
36811
37292
37804
38301
38786
39293
39786
40245
40722
41218
41701
42178
42680
43186
43670
44154
44649
45132
45575
46058
46534
46993
47488
47986
48456
48921
49409
49905
50380
50848
51331
51816
52284
52778
53286
53775
54251
54751
55254
55727
56210
56703
57189
57665
58159
58659
59142
59606
60092
60586
61065
61528
62016
62506
62991
63465
63955
64442
64915
65378
65854
66332
66810
67273
67759
68243
68710
69170
69651
70100
70561
71046
71527
71988
72444
72921
73422
73893
74375
74875
75360
75831
76324
76811
77275
77729
78205
78682
79144
79611
80090
80556
81014
81490
81964
82425
82904
83382
83859
84328
84797
85265
85745
86218
86690
87189
87694
88183
88697
89208
89717
90222
90746
91253
91743
92247
92761
93271
93766
94275
94783
95261
95776
96284
96785
97269
97777
98288
98778
99264
99773
100286
100787
101256
101751
102256
102752
103223
103713
104209
104671
105141
105622
106092
106555
107033
107506
107971
108451
108933
109407
109873
110350
110828
111290
111749
112219
112693
113153
113642
114132
114605
115062
115537
116014
116488
116968
117444
117936
118432
118922
119388
119892
120394
120879
121373
121886
122401
122901
123406
123917
124409
124896
125400
125885
126347
126840
127331
127812
128287
128769
129253
129717
130182
130669
131159
131644
132143
132644
133121
133610
134119
134619
135099
135587
136083
136558
137020
137490
137968
138445
138907
139390
139859
140336
140831
141327
141803
142288
142771
143252
143734
144190
144698
145195
145673
146129
146621
147105
147579
148026
148499
148979
149450
149915
