675
1164
1625
2101
2590
3077
3532
4012
4501
5011
5508
5990
6485
6986
7468
7949
8452
8931
9393
9890
10396
10871
11361
11870
12349
12849
13357
13862
14335
14828
15324
15814
16286
16791
17296
17795
18299
18817
19324
19807
20288
20781
21262
21710
22166
22637
23099
23544
24007
24484
24944
25420
25910
26395
26849
27334
27848
28337
28800
29262
29746
30242
30704
31183
31685
32171
32643
33142
33654
34141
34648
35165
35676
36159
36657
37177
37678
38173
38688
39190
39725
40148
40670
41177
41666
42163
42680
43187
43672
44176
44677
45161
45658
46160
46642
47117
47615
48104
48582
49073
49569
50045
50540
51051
51559
52054
52546
53066
53580
54062
54569
55077
55557
56020
56502
57012
57500
57962
58448
58950
59438
59918
60395
61122
61359
61839
62314
62828
63284
63770
64269
64762
65229
65723
66229
66736
67208
67705
68210
68690
69159
69641
70134
70603
71075
71560
72054
72524
72993
73483
73971
74430
74910
75416
75906
76376
76874
77367
77833
78312
78823
79320
79793
80247
80732
81224
81684
82141
82630
83120
83607
84088
84585
85062
85518
85970
86458
86932
87383
87874
88377
88857
89307
89769
90252
90706
91129
91579
92041
92475
92926
93397
93874
94322
94791
95265
95750
96197
96666
97144
97619
98057
98507
98969
99427
99862
100297
100760
101229
101674
102122
102599
103080
103537
104005
104491
104980
105442
105907
106386
106858
107299
107764
108249
108697
109160
109635
110093
110538
111008
111494
111961
112403
112875
113367
113831
114271
114742
115237
115712
116165
116653
117168
117649
118113
118616
119128
119613
120075
120588
121109
121595
122051
122523
123029
123505
123952
124397
124861
125336
125776
126221
126703
127189
127640
128106
128595
129072
129518
129994
130488
130969
131425
131907
132401
132870
133314
133780
134257
134711
135166
135641
136123
136580
137023
137504
137989
138455
138938
139463
139983
140463
140946
141441
141932
142405
142888
143382
143877
144347
144844
145348
145837
146306
146811
147325
147811
148309
148811
149309
149778
