27
347
664
982
1303
1623
1942
2254
2572
2891
3204
3531
3857
4177
4495
4816
5143
5470
5790
6109
6420
6738
7052
7370
7691
8009
8321
8641
8966
9294
9615
9933
10252
10573
10893
11221
11539
11858
12178
12496
12816
13135
13438
13758
14070
14388
14699
15012
15323
15634
15953
16265
16584
16910
17222
17533
17845
18156
18459
18761
19056
19350
19643
19931
20233
20551
20863
21180
21493
21804
22122
22434
22745
23050
23352
23647
23948
24250
24547
24856
25159
25454
25764
26067
26378
26689
26998
27302
27612
27917
28227
28538
28841
29144
29463
29774
30085
30398
30708
31017
31322
31632
31943
32254
32557
32860
33171
33482
33794
34112
34422
34734
35047
35366
35693
36015
36333
36652
36972
37292
37620
37939
38259
38570
38890
39216
39538
39864
40184
40504
40823
41143
41471
41791
42110
42421
42741
43068
43389
43701
44003
44306
44607
44902
45205
45516
45828
46146
46459
46761
47080
47393
47712
48032
48350
48653
48965
49283
49588
49906
50210
50512
50823
51134
51454
51771
52085
52403
52722
53041
53363
53690
54010
54321
54639
54952
55272
55591
55901
56212
56532
56844
57163
57489
57801
58106
58431
58744
59064
59383
59701
60020
60340
60660
60986
61300
61617
61939
62265
62587
62913
63225
63552
63879
64207
64527
64839
65151
65477
65796
66124
66453
66780
67107
67436
67771
68100
68420
68731
69049
69369
69688
70015
70344
70646
70958
71277
71598
71915
72219
72521
72824
73127
73439
73758
74078
74405
74725
75037
75356
75675
76002
76321
76633
76945
77264
77584
77911
78232
78551
78879
79214
79542
79862
80190
80517
80836
81156
81468
81778
82090
82409
82729
83054
83376
83694
84014
84334
84660
84974
85284
85603
85923
86234
86553
86864
87168
87478
87790
88109
88429
88747
89058
89378
89699
90018
90344
90657
90975
91287
91607
91927
92260
92548
92859
93172
93490
93811
94128
94439
94758
95072
95398
95717
96029
96341
96661
96987
97308
97628
97939
98257
98576
98896
99209
99520
99839
100151
100471
100798
101118
101429
101740
102058
102370
102689
103001
103312
103624
103943
104271
104590
104902
105212
105530
105850
106169
106490
106800
107111
107423
107735
108053
108372
108683
108993
109305
109617
109936
110249
110559
110869
111181
111499
111812
112130
112441
112752
113065
113391
113703
114024
114334
114643
114956
115274
115577
115888
116191
116494
116804
117108
117417
117730
118032
118336
118646
118950
119259
119561
119849
120142
120428
120713
121001
121277
121563
121856
122152
122447
122750
123051
123353
123657
123967
124277
124590
124893
125196
125506
125817
126130
126449
126761
127071
127390
127709
128021
128340
128652
128962
129267
129585
129905
130224
130544
130863
131182
131510
131831
132158
132477
132788
133100
133412
133730
134050
134362
134681
135000
135322
135657
135978
136306
136635
136969
137298
137626
137946
138266
138595
138922
139251
139579
139907
140235
140571
140908
141243
141571
141892
142220
142556
142884
143220
143549
143885
144222
144565
144894
145221
145548
145877
146206
146533
146854
147180
147501
147836
148174
148501
148828
149155
149476
149804
