901
1211
1523
2145
2456
2768
3086
3389
3700
4003
4323
4659
4978
5298
5625
5953
6273
6593
6912
7239
7566
7879
8198
8517
8836
9157
9484
9820
10140
10467
10796
11124
11452
11779
12107
12426
12754
13090
13418
13738
14082
14409
14738
15058
15385
15722
16049
16378
16706
17033
17353
17673
17992
18303
18597
18899
19202
19505
19815
20126
20437
20756
21059
21371
21681
22017
22227
22622
22926
23236
23547
23866
24185
24497
24815
25127
25447
25766
26092
26405
26732
27059
27372
27699
28019
28338
28674
28994
29329
29641
29969
30306
30633
30960
31272
31600
31943
32263
32583
32903
33222
33559
33876
34197
34517
34836
35162
35483
35803
36131
36433
36736
37097
37425
37744
38055
38375
38702
39022
39341
39669
39988
40317
40636
40962
41283
41610
41930
42266
42586
42921
43224
43568
43888
44216
44543
44872
45191
45535
45862
46182
46518
46804
47148
47476
47795
48106
48419
48737
49057
49375
49695
50014
50334
50611
50948
51284
51603
51915
52234
52537
52865
53185
53504
53823
54135
54453
54772
55084
55396
55715
56025
56370
56967
57278
57589
57908
58220
58287
58842
59145
59447
59709
60028
60221
60633
60936
61238
61558
61893
62205
62517
62837
63163
63476
63794
64106
64408
64728
65039
65367
65710
66038
66358
66703
67038
67367
67679
68032
68376
68704
69040
69368
69697
70033
70360
70704
71025
71362
71682
72034
72371
72699
73044
73381
73718
74062
74389
74710
75062
75399
75744
76080
76408
76745
77097
77434
77779
78107
78468
78805
79150
79495
79822
80175
80512
80848
81186
81513
81858
82202
82539
82868
83187
83531
83868
84196
84531
84860
85188
85516
85844
86173
86500
86812
87156
87484
87805
88132
88443
88763
89083
89394
89688
89991
90285
90588
90891
91201
91504
91814
92126
92445
92749
93076
93388
93707
94019
94330
94640
94944
95246
95548
95868
96188
96500
96819
97114
97458
97769
98098
98400
98711
99031
99333
99628
99937
100249
100510
100821
101141
101461
101779
102083
102394
102697
103008
103303
103597
103916
104219
104522
104807
105118
105421
105723
106010
106312
106607
106918
107213
107514
107810
108121
108423
108734
109029
109331
109634
109945
110247
110551
110853
111156
111467
111770
112080
112391
112686
112980
113274
113577
113846
114181
114484
114789
115098
115401
115695
116006
116309
116637
116940
117250
117553
117865
118183
118495
118806
119117
119403
119738
120033
120368
120689
121008
121335
121648
121992
122319
122623
122951
123269
123597
123909
124237
124556
124866
125178
125523
125859
126195
126506
126851
127178
127499
127843
128179
128499
128859
129205
129541
129869
130215
130558
130886
131214
131524
131877
132189
132549
132879
133214
133551
133887
134215
134577
134913
135249
135585
135938
136275
136603
136938
137299
137628
137974
138318
138653
138982
139326
139654
139983
140328
140671
140982
141336
141672
142000
142320
142663
143000
143330
143648
143983
144303
144489
144959
145295
145607
145952
146272
146608
146952
147263
147609
147953
148257
148619
148938
149283
149604
149940
