402
809
1213
1626
2034
2456
2871
3294
3725
4130
4551
4968
5388
5796
6206
6626
7045
7443
7844
8225
8626
9021
9411
9796
10187
10566
10941
11324
11716
12111
12494
12892
13301
13693
14098
14504
14917
15329
15760
16171
16576
16962
17359
17808
18249
18661
19053
19441
19840
20249
20672
21085
21482
21891
22292
22697
23109
23533
23938
24366
24789
25197
25625
26037
26453
26886
27294
27716
28122
28550
28969
29373
29803
30238
30648
31064
31482
31891
32308
32726
33131
33543
33961
34364
34798
35230
35655
36095
36513
36907
37325
37733
38138
38552
38957
39359
39770
40173
40574
40979
41372
41775
42204
42615
43029
43440
43865
44268
44676
45087
45496
45945
46389
46807
47228
47612
48022
48435
48854
49259
49663
50041
50438
50839
51228
51635
52031
52437
52855
53254
53654
54051
54441
54844
55238
55629
56022
56409
56801
57190
57983
58376
58766
59156
59549
59933
60321
60706
61095
61484
62076
62295
62727
63139
63581
63999
64398
64785
65199
65664
66116
66549
66974
67408
67837
68246
68666
69099
69531
70012
70460
70903
71357
71772
72191
72610
73008
73425
73875
74281
74729
75155
75571
75980
76357
76726
77115
77493
77912
78333
78733
79158
79600
80030
80466
80902
81313
81729
82139
82539
82948
83356
83756
84178
84580
84981
85402
85810
86217
86632
87038
87431
87861
88274
88668
89065
89453
89832
90242
90672
91078
91512
91940
92403
92840
93262
93703
94125
94529
94943
95339
95753
96151
96572
96979
97428
97850
98278
98715
99129
99547
99954
100362
100749
101195
101595
102017
102427
102857
103267
103720
104108
104486
104868
105306
105715
106114
106535
106931
107363
107791
108218
108648
109091
109517
109931
110352
110755
111168
111581
111990
112399
112827
113239
113671
114098
114505
114944
115374
115790
116232
116646
117078
117504
117926
118357
118782
119207
119647
120053
120479
120909
121317
121742
122175
122586
123012
123436
123846
124277
124698
125110
125525
125917
126302
126699
127076
127468
127857
128276
128684
129125
129552
129982
130432
130881
131307
131767
132182
132616
133031
133454
133879
134283
134704
135118
135520
135934
136331
136739
137148
137552
137962
138384
138795
139218
139644
140053
140474
140904
141314
141730
142149
142553
142961
143382
143783
144190
144605
144998
145398
145805
146201
146604
147011
147405
147809
148208
148592
148987
149394
149785
