178
592
1016
1411
1852
2306
2701
3130
3554
3943
4376
4807
5204
5665
6107
6518
6967
7379
7770
8239
8678
9077
9499
9895
10292
10701
11098
11482
11910
12312
12695
13104
13489
13863
14257
14649
15023
15416
15810
16180
16588
17006
17393
17817
18236
18615
19027
19437
19813
20209
20619
20995
21407
21824
22213
22602
22979
23341
23699
24085
24456
24888
25298
25691
26098
26496
26883
27285
27676
28058
28461
28880
29270
29683
30104
30499
30907
31327
31710
32109
32541
32939
33347
33778
34186
34582
34974
35365
35870
36331
36777
37190
37573
37969
38361
38738
39159
39574
39968
40431
40856
41260
41698
42083
42484
42903
43284
43698
44112
44511
44931
45361
45770
46184
46598
47006
47402
47805
48198
48583
49001
49412
49816
50249
50685
51097
51529
51951
52366
52808
53230
53649
54090
54497
54926
55362
55775
56205
56618
57049
57527
57974
58417
58863
59276
59710
60140
60545
60971
61401
61811
62252
62676
63082
63497
63905
64294
64705
65098
65501
65940
66351
66744
67182
67613
68025
68451
68869
69269
69694
70109
70516
70947
71363
71808
72266
72689
73138
73577
73987
74419
74848
75265
75718
76145
76560
77010
77439
77868
78321
78747
79181
79621
80027
80463
80885
81292
81729
82148
82568
83031
83454
83881
84322
84740
85162
85599
86014
86433
86880
87295
87721
88180
88605
89063
89507
89926
90371
90797
91209
91666
92106
92522
92961
93379
93806
94224
94660
95061
95463
95881
96255
96640
97059
97454
97829
98210
98575
98968
99468
99974
100430
100848
101305
101739
102167
102591
102994
103404
103835
104224
104591
104959
105391
105796
106246
106691
107114
107556
107961
108372
108798
109205
109631
110059
110468
110897
111319
111730
112174
112598
113015
113440
113877
114293
114733
115162
115579
116026
116455
116869
117279
117666
118036
118418
118839
119259
119682
120091
120529
120960
121376
121809
122242
122657
123093
123516
123921
124347
124779
125206
125635
126068
126479
126896
127314
127719
128132
128564
128985
129403
129829
130238
130653
131064
131455
131861
132269
132666
133077
133480
133883
134291
134689
135093
135497
135890
136296
136693
137084
137480
137863
138249
138643
139028
139424
139832
140230
140632
141051
141445
141843
142241
142639
143040
143447
143854
144256
144676
145081
145478
145879
146270
146658
147056
147452
147854
148271
148679
149085
149503
149911
