719
1280
1808
2333
2900
3448
3996
4495
4970
5520
6077
6626
7157
7668
8239
8790
9294
10430
10910
11057
11588
12988
13531
14072
15070
15512
16720
18085
18604
19100
19650
20201
20726
21205
21688
22180
22664
23098
23517
23999
24551
25063
25571
26117
26651
27140
27627
28130
28626
29093
29587
30135
30679
31174
31694
32228
32737
33255
33722
34170
34616
35054
35481
35897
36416
36966
37505
38004
38495
38979
39482
39927
40353
40833
41347
41873
42383
42954
43514
44036
44570
45142
45701
46239
46775
47341
47877
48385
48930
49466
49945
50440
51039
51588
52104
52655
53202
53715
54254
54815
55348
55880
56363
56859
57415
57950
58454
58993
59551
60070
60602
61142
61698
62194
62673
63231
63765
64258
64793
65355
65898
66409
66966
67519
68034
68519
69063
69612
70110
70634
71195
71729
72252
72813
73332
73797
74278
74823
75317
75774
76305
76852
77337
77831
78363
78881
79374
79908
80457
80962
81443
81977
82524
83020
83538
84078
84617
85139
85633
86168
86717
87250
87750
88286
88845
89369
89874
90424
90979
91490
91982
92620
93078
93636
94142
94687
95267
95800
96360
96937
97478
97972
98517
99083
99625
100121
100668
101229
101749
102254
102773
103278
103737
104174
104790
105239
105748
106218
106726
107246
107724
108202
108685
109124
109538
109966
110419
110848
111249
111677
112181
112689
113021
113351
113607
114352
114996
115409
115783
115847
116342
116810
117663
118117
118584
119027
119479
120107
120426
120668
121171
121651
122039
122466
122846
123328
124399
125081
126685
127169
127597
128016
128498
128946
129350
129767
130243
130711
131123
131536
131979
132436
132857
133281
133731
134189
134602
135002
135442
135924
136350
136780
137283
137804
138276
138823
139379
139897
140365
140859
141395
141898
142370
142914
143461
143994
144501
145033
145531
145997
146530
147042
147569
148024
148503
148998
149529
