1070
1588
2166
2709
3224
3788
4307
4776
5316
5857
6339
6847
7400
7881
8309
8755
9217
9693
10177
10589
11046
11491
11967
12553
13068
13512
14001
14521
15039
15507
16153
16573
17143
17677
18142
18727
19294
19822
20271
20737
21345
22406
22982
23560
24125
24607
25089
25645
26224
26727
27224
27800
28340
28820
29379
29936
30421
31461
32043
32550
33014
33598
34153
34697
35219
35661
36121
36619
37111
37566
37994
38473
39031
39591
40064
40569
41150
41672
42154
42714
43285
43770
44225
44724
45286
45792
46310
46886
47408
47862
48399
49010
49557
50093
50664
51221
51751
52223
52768
53339
53856
54387
54954
55502
55984
56489
57087
57669
58234
58779
59251
59758
60308
60790
61229
61632
62024
62420
62851
63377
63915
64380
64905
65483
65979
66464
67031
67594
68079
68610
69196
69751
70223
70731
71314
71884
72382
72919
73531
74093
74634
75105
75639
76187
76653
77105
77640
78179
78717
79194
79681
80249
80811
81335
81801
82327
82865
83339
83822
84356
84874
85318
85758
86290
86848
87345
87867
88423
88937
89401
89877
90372
90821
91253
91764
92337
92855
93396
93972
94513
95020
95559
96107
96584
97045
97556
98056
98513
99055
99637
100156
100690
101239
101771
102248
102738
103265
103743
104208
104709
105238
105712
106179
106715
107217
107676
108196
108748
109251
109688
110128
110636
111129
111575
112061
112640
113212
113709
114174
114636
115096
115499
115954
116463
116909
117407
117994
118502
119037
119495
119984
120511
121032
121497
121936
122437
122954
123487
123937
124371
124937
125489
126029
126473
126925
127436
127939
128432
128850
129272
129742
130214
130706
131135
131550
132022
132525
133016
133471
133930
134340
134749
135255
135790
136307
136755
137177
137724
138195
138722
139189
139654
140209
140714
141152
141626
142160
142690
143138
143602
144124
144623
145094
145516
146017
146526
146970
147494
148068
148561
149029
149569
