566
955
1330
1715
2101
2485
2848
3233
3601
3967
4343
4726
5090
5458
5840
6211
6568
6946
7317
7671
8040
8426
8798
9162
9534
9911
10273
10645
11034
11405
11778
12176
12554
12926
13314
13703
14073
14457
14857
15233
15601
15995
16392
16768
17146
17543
17919
18286
18676
19065
19427
19802
20201
20575
20944
21337
21722
22096
22484
22886
23271
23641
24030
24406
24779
25156
25555
25926
26301
26703
27092
27464
27839
28228
28600
28972
29366
29735
30102
30483
30870
31231
31617
32013
32406
32765
33152
33526
33888
34273
34649
35020
35393
35771
36146
36517
36905
37304
37678
38050
38440
38831
39213
39594
39993
40379
40751
41138
41530
41911
42286
42674
43048
43415
43808
44196
44571
44940
45334
45718
46092
46472
46870
47244
47615
48008
48403
48772
49143
49538
49916
50285
50672
51067
51450
51823
52221
52610
52979
53365
53753
54125
54503
54899
55274
55646
56035
56424
56796
57168
57559
57934
58305
58694
59070
59442
59830
60219
60591
60980
61379
61756
62125
62511
62887
63250
63635
64030
64410
64774
65162
65555
65924
66298
66698
67075
67447
67838
68219
68583
68970
69702
70082
70453
70814
71191
71585
71954
72333
72724
73101
73473
73862
74260
74637
75025
75425
75812
76187
76575
76969
77338
77726
78117
78496
78873
79259
79636
80011
80401
80802
81188
81572
81973
82359
82736
83124
83523
83901
84286
84676
85071
85452
85853
86248
86630
87030
87433
87822
88198
88589
88981
89354
89729
90121
90502
90866
91253
91638
92005
92390
92780
93153
93517
93913
94293
94662
95044
95440
95817
96194
96590
96981
97361
97763
98165
98543
98933
99336
99730
100109
100507
100897
101276
101675
102090
102481
102873
103276
103664
104044
104443
104828
105201
105592
105989
106369
106741
107118
107517
107905
108277
108667
109084
109482
109859
110254
110661
111045
111419
111798
112194
112573
112944
113333
113714
114082
114470
114864
115236
115613
116008
116388
116759
117137
117524
117898
118262
118643
119030
119398
119770
120164
120544
120910
121300
121684
122060
122448
122838
123210
123598
123984
124354
124734
125127
125508
125876
126272
126659
127039
127429
127813
128176
128559
128952
129328
129695
130078
130464
130832
131219
131622
132001
132385
132788
133171
133544
133950
134336
134706
135104
135491
135864
136243
136639
137007
137370
137756
138136
138499
138882
139265
139629
140016
140426
140812
141192
141596
142007
142392
142787
143173
143550
143941
144365
144763
145145
145558
145952
146335
146739
147139
147528
147932
148319
148701
149097
149492
149868
