294
678
1057
1432
1822
2215
2596
2989
3388
3771
4170
4555
4950
5361
5736
6103
6467
6850
7214
7587
7989
8360
8743
9151
9540
9936
10347
10740
11151
11553
11941
12354
12746
13135
13540
13927
14328
14742
15134
15530
15941
16337
16731
17141
17544
17929
18322
18721
19116
19517
19924
20306
20702
21105
21493
21886
22291
22681
23069
23480
23883
24291
24680
25069
25452
25848
26242
26618
27012
27407
27782
28172
28563
28941
29322
29714
30088
30463
30850
31224
31593
31993
32377
32722
33101
33473
33834
34217
34598
34963
35348
35738
36111
36486
36876
37264
37646
38033
38416
38789
39175
39554
39931
40312
40694
41063
41444
41824
42194
42580
42962
43334
43715
44100
44466
44854
45244
45626
46006
46411
46796
47190
47592
47982
48373
48773
49165
49552
49940
50322
50712
51090
51465
51855
52237
52616
53005
53388
53768
54145
54523
54894
55284
55664
56045
56442
56832
57206
57592
57986
58369
58765
59161
59544
59946
60342
60730
61129
61514
61903
62303
62692
63079
63475
63856
64232
64617
65012
65389
65772
66169
66565
66941
67325
67720
68115
68494
68876
69277
69663
70039
70436
70840
71224
71608
72007
72392
72765
73152
73534
73903
74284
74671
75066
75444
75826
76230
76624
77000
77388
77778
78149
78521
78902
79285
79658
80044
80425
80795
81173
81556
81922
82294
82674
83043
83404
83782
84150
84514
84882
85250
85621
86017
86395
86771
87160
87542
87925
88329
88735
89124
89523
89927
90316
90711
91121
91513
91905
92305
92691
93073
93469
93859
94246
94641
95025
95407
95801
96182
96564
96954
97339
97719
98116
98520
98908
99279
99682
100074
100457
100867
101256
101642
102020
102418
102793
103168
103556
103933
104308
104694
105069
105436
105814
106190
106554
106931
107308
107681
108066
108442
108810
109195
109566
109937
110321
110695
111060
111437
111824
112192
112561
112953
113334
113702
114092
114469
114838
115220
115605
115976
116354
116736
117098
117478
117855
118223
118606
118993
119367
119752
120145
120524
120905
121298
121686
122061
122453
122846
123234
123618
124012
124400
124781
125165
125555
125935
126327
126721
127101
127472
127855
128248
128629
128995
129351
129699
130052
130400
130752
131115
131476
131832
132208
132583
132944
133313
133687
134050
134409
134783
135174
135550
135935
136334
136722
137103
137502
137907
138292
138671
139058
139445
139822
140214
140613
140998
141373
141762
142150
142524
142912
143297
143676
144063
144452
144830
145215
145610
145999
146379
146772
147150
147525
147914
148302
148678
149063
149459
149847
