1358
1786
2223
2635
3038
3491
3895
4306
4743
5138
5558
5979
6398
6810
7239
7651
8062
8482
8911
9314
9743
10155
10567
11003
11424
11835
12222
12643
13038
13407
13803
14206
14609
14971
15324
15727
16097
16374
16912
17341
17559
18181
18643
19088
19525
19971
20433
20853
21307
21761
22189
22643
23089
23517
23954
24375
24829
25249
25703
26140
26552
26997
27435
27847
28275
28721
29133
29553
29981
30409
30821
31249
31686
32098
32510
32938
33374
33803
34223
34668
35071
35499
35936
36348
36759
37204
37625
38061
38481
38910
39338
39775
40186
40615
41043
41454
41891
42320
42731
43160
43563
44000
44412
44849
45261
45665
46077
46514
46918
47321
47775
48179
48607
49036
49448
49851
50280
50692
51079
51457
51919
52264
52743
53172
53592
54012
54449
54878
55299
55727
56139
56542
56988
57399
57811
58232
58636
59063
59484
59896
60307
60736
61147
61551
61971
62375
62778
63190
63610
64014
64426
64854
65266
65669
66097
66534
66946
67349
67795
68207
68611
69039
69434
69854
70266
70662
71081
71494
71930
72333
72754
73183
73603
74039
74485
74930
75351
75788
76266
76704
77148
77610
78064
78502
79022
79408
79795
80300
80737
81182
81628
82040
82477
82914
83334
83763
84217
84629
85058
85487
85915
86327
86765
87184
87597
88034
88455
88883
89304
89757
90170
90615
91061
91498
91926
92347
92776
93213
93650
94079
94525
94946
95391
95820
96249
96686
97106
97518
97972
98401
98821
99250
99695
100116
100553
100990
101402
101806
102243
102680
103093
103529
103933
104346
104758
105170
105565
105977
106381
106775
107213
107625
108003
108457
108810
109239
109634
110021
110408
110819
111164
111592
111979
112333
112719
113072
113417
113585
114098
114492
114879
115249
115627
116040
116401
116855
117249
118081
118400
118870
119265
119701
120097
120542
120954
121365
121793
122222
122634
123053
123507
123928
124339
124775
125170
125574
126010
126430
126834
127220
127606
127807
128370
128773
129168
129554
129949
130319
130680
131040
131443
131821
132266
132694
133122
133509
134005
134449
134894
135348
135794
136238
136440
137146
137549
138027
138473
138909
139346
139799
140236
140681
141127
141538
141958
142387
142823
143235
143663
144091
144521
144940
145377
145797
146175
146646
147107
147545
147964
148418
148872
149284
149730
