382
820
1263
1701
2129
2567
3004
3448
3894
4323
4727
5123
5531
5912
6307
6696
7064
7447
7828
8234
8643
9044
9439
9839
10247
10651
11039
11432
11811
12201
12609
13029
13443
13844
14259
14697
15140
15573
16014
16430
16873
17319
17749
18184
18639
19085
19513
19961
20430
20869
21306
21760
22231
22669
23118
23568
23996
24439
24888
25315
25760
26212
26640
27077
27547
27984
28422
28894
29353
29792
30237
30695
31136
31555
31965
32378
32780
33173
33553
33936
34331
34738
35125
35509
35906
36300
36704
37133
37577
38014
38468
38930
39368
39785
40211
40640
41053
41488
41927
42341
42767
43207
43641
44063
44501
44921
45329
45753
46177
46579
47004
47433
47844
48258
48685
49096
49509
49937
50350
50758
51176
51606
52018
52431
52859
53280
53692
54128
54559
54977
55403
55832
56254
56674
57116
57553
57972
58404
58841
59259
59684
60109
60518
60919
61336
61748
62152
62578
63008
63428
63838
64269
64698
65111
65527
65958
66381
66792
67221
67661
68101
68518
68951
69387
69814
70236
70680
71124
71545
71982
72426
72848
73283
73730
74157
74567
74996
75417
75828
76246
76684
77127
77559
77993
78420
78827
79228
79640
80067
80495
80916
81326
81731
82157
82587
82992
83393
83805
84224
84636
85046
85486
85926
86344
86761
87200
87630
88032
88447
88841
89214
89601
89998
90395
90811
91243
91658
92088
92534
92963
93386
93831
94273
94700
95145
95589
96011
96448
96902
97338
97766
98218
98663
99080
99522
99964
100383
100817
101256
101682
102096
102540
102969
103376
103802
104224
104633
105046
105474
105902
106313
106736
107162
107574
107991
108424
108836
109248
109679
110097
110503
110924
111350
111753
112163
112577
112977
113379
113780
114159
114535
114922
115301
115693
116094
116495
116888
117297
117709
118111
118528
118952
119368
119772
120200
120643
121076
121498
121947
122386
122804
123242
123688
124111
124547
124986
125422
125850
126296
126756
127183
127620
128068
128494
128934
129388
129819
130255
130705
131140
131570
132036
132498
132938
133400
133874
134317
134761
135221
135671
136111
136547
136970
137418
137867
138302
138713
139149
139587
140008
140422
140854
141300
141724
142148
142588
143017
143436
143876
144315
144733
145163
145592
146005
146424
146858
147277
147695
148139
148591
149020
149438
149876
