1130
1373
2113
2356
2584
2886
3096
3322
3860
4095
4557
4801
5255
5573
6052
6279
6531
6758
7002
7261
7758
7984
8229
8825
8993
9354
9699
9951
10194
10438
10934
11152
11430
11690
11942
12237
12431
12682
12926
13179
13650
13860
14170
14389
14616
14843
15086
15322
15541
15761
16373
17441
17743
18063
18760
18819
18995
19357
19450
20383
20458
20518
20837
21601
21904
22307
22450
23182
23686
23888
24560
24813
25199
26199
26351
26806
27511
27562
27629
27873
28285
28427
28647
29428
29630
30034
30269
30950
31034
31077
31320
31472
31774
32086
32178
32782
32833
32884
33136
33388
33582
33682
34136
34187
34363
34405
34489
34918
35094
35212
35262
35481
36078
36397
36608
37280
37339
37591
37953
38179
38902
39204
39524
40424
40474
40701
41105
41778
42013
42240
42467
42602
42920
43828
44115
44518
44736
45653
45788
46242
46343
47032
47317
47394
47856
47956
48923
49116
49226
49629
49780
49839
50687
50814
51048
51267
51586
51662
52258
52486
52712
52847
53065
53368
54039
54123
54266
54610
54921
55576
55803
56054
56163
56467
57356
57633
57936
58246
58322
59137
59363
59582
59935
60144
60917
61135
62245
62522
62749
63152
63370
64127
64321
64631
64951
65178
66128
66666
67162
67490
67742
68011
68263
68339
68659
68961
69449
69583
69888
70013
70567
70693
71088
71139
71232
71685
71938
72140
72349
72593
73240
73274
73493
73686
73820
74131
74341
74560
75005
75224
75349
75569
75879
76812
76897
77258
77435
78333
78678
78913
79233
79451
80342
80686
81006
81930
82157
82241
82552
82770
83552
83736
84148
84333
84434
84762
84989
85249
85493
85661
85880
86569
86788
87098
87418
88073
88325
88544
88763
88939
89166
89880
90065
90360
90578
90687
91334
91544
91889
91998
92830
93300
93545
93688
94343
94763
94974
95831
95941
96285
96461
97361
97529
97950
98168
99050
99505
99648
100497
100984
101136
102034
102211
102337
102539
102842
104194
104338
104548
104775
104985
105203
105439
105657
105859
106078
106716
107154
107381
107600
108020
108246
108465
108658
108861
109743
109927
110137
110784
111121
111433
112079
112138
112196
112634
112734
113390
113650
114037
114297
114701
115272
115365
115600
116289
116490
116835
116919
117138
117835
118070
118297
118498
118742
118952
119171
119397
119616
119860
120305
120532
120758
120985
121221
121464
121691
121918
122103
122371
122615
122858
123094
123312
123548
123774
124017
124253
124488
124816
124950
125202
125664
125916
126160
126378
126570
126613
126738
127084
127311
127555
127806
128143
128277
128983
129227
129478
129672
129908
130151
130395
130622
130916
131167
131411
131654
131848
132092
132344
132588
132840
133571
133824
134060
134328
134572
134816
134959
135295
135539
135792
136026
136263
136742
136978
137263
137398
137624
137692
137961
138103
138297
138466
138709
138953
139230
139474
139710
140181
140440
140683
140944
141164
141450
141727
141963
142257
142357
142727
143013
143147
143374
143669
143821
144198
144569
144846
144980
145173
145460
145737
145998
146259
146561
146755
147108
147411
147688
147973
148209
148520
148721
148973
149192
149461
149654
