2113
3860
4557
5255
6052
7758
8825
8993
10934
13650
14170
16373
17441
18760
18819
18995
19450
20383
20458
20518
21601
22307
22450
23182
23686
23888
24560
25199
26199
26351
26806
27511
27562
27629
28285
28427
29428
30034
30950
31034
31077
31472
32178
32782
32833
32884
33682
34136
34187
34405
34489
34918
35481
36078
36397
36608
37280
37591
37953
38179
38902
39204
39524
40424
40701
41105
41778
42013
42240
42467
42602
42920
43828
44115
44518
44736
45653
45788
46242
47032
47317
47856
48923
49116
49629
49839
50687
51586
51662
52258
52847
53368
54039
54123
54266
54610
54921
55576
56163
57356
