911
1172
1424
1692
1945
2205
2466
2727
2980
3233
3501
3761
4022
4283
4543
4796
5056
5317
5577
5837
6089
6343
6602
6855
7115
7368
7628
7872
8132
8377
8630
8881
9133
9385
9637
9890
10150
10403
10654
10907
11159
11420
11688
11941
12193
12445
12681
12933
13186
13453
13707
13968
14227
14480
14740
14993
15253
15504
15750
16008
16261
16513
16766
17018
17270
17530
17783
18042
18294
18547
18807
19067
19320
19573
19825
20084
20337
20596
20849
21101
21361
21621
21875
22133
22379
22631
22882
23134
23386
23637
23882
24133
24377
24629
24881
25133
25384
25637
25896
26157
26417
26670
26929
27183
27443
27703
27962
28214
28474
28735
28995
29256
29509
29776
30038
30306
30574
30834
31088
31356
31617
31886
32145
32399
32659
32919
33180
33448
33708
33961
34229
34491
34768
35037
35306
35566
35835
36104
36365
36633
36894
37147
37408
37676
37946
38215
38476
38736
39005
39274
39543
39811
40072
40334
40603
40871
41132
41400
41653
41913
42166
42419
42687
42965
43242
43519
43797
44067
44336
44613
44882
45151
45413
45689
45958
46227
46497
46766
47035
47312
47582
47858
48127
48396
48665
48934
49195
49463
49725
49994
50263
50531
50800
51069
51339
51615
51877
52146
52415
52692
52969
53238
53499
53768
54038
54306
54574
54836
55104
55381
55651
55919
56188
56457
56734
57003
57272
57539
57809
58079
58356
58617
58893
59171
59449
59718
59994
60263
60533
60803
61080
61357
61626
61887
62155
62424
62693
62962
63230
63491
63752
64020
64282
64549
64802
65062
65314
65574
65835
66111
66388
66650
66917
67178
67455
67715
67985
68245
68504
68765
69034
69295
69555
69815
70084
70345
70614
70882
71143
71411
71680
71949
72217
72478
72739
73007
73276
73537
73805
74065
74325
74587
74847
75108
75360
75620
75873
76141
76403
76663
76923
77183
77437
77704
77958
78217
78471
78730
78983
79236
79497
79766
80035
80313
80589
80851
81120
81389
81657
81927
82187
82449
82717
82985
83247
83509
83777
84046
84316
84585
84852
85122
85391
85661
85937
86199
86468
86746
87022
87291
87560
87829
88099
88368
88637
88906
89176
89445
89713
89975
90235
90504
90766
91027
91287
91548
91810
92078
92346
92607
92868
93129
93390
93659
93920
94181
94441
94703
94971
95240
95508
95769
96031
96300
96568
96829
97090
97359
97628
97896
98157
98418
98687
98948
99210
99462
99721
99983
100251
100512
100765
101032
101294
101555
101824
102093
102353
102614
102883
103144
103413
103673
103942
104211
104489
104758
105019
105288
105557
105827
106096
106363
106625
106903
107180
107458
107734
108003
108273
108550
108820
109088
109357
109626
109895
110164
110425
110686
110954
111224
111500
111762
112030
112291
112551
112804
113065
113332
113601
113863
114124
114401
114662
114922
115182
115451
115712
115972
116233
116494
116770
117031
117300
117568
117837
118099
118367
118635
118897
119173
119442
119719
119988
120257
120526
120804
121080
121349
121618
121888
122156
122433
122703
122979
123247
123517
123785
124055
124316
124584
124845
125113
125383
125652
125920
126181
126443
126719
126990
127267
127543
127805
128074
128343
128620
128881
129149
129410
129672
129941
130218
130487
130756
131025
131293
131570
131840
132108
132377
132647
132917
133201
133470
133740
134017
134287
134556
134825
135086
135362
135632
135901
136169
136430
136691
136960
137221
137488
137742
138011
138280
138549
138817
139077
139346
139616
139885
140153
140415
140683
140952
141229
141499
141767
142044
142314
142598
142876
143161
143430
143707
143986
144269
144548
144825
145094
145371
145656
145933
146211
146487
146765
147043
147328
147606
147883
148161
148454
148732
149010
149279
149564
149850
