294
671
1050
1420
1800
2177
2521
2858
3219
3588
3958
4328
4699
5068
5455
5824
6186
6564
6950
7328
7707
8085
8480
8875
9253
9647
10061
10465
10851
11246
11649
12052
12431
12834
13238
13649
14037
14431
14818
15214
15618
16005
16391
16787
17182
17559
17940
18334
18738
19134
19513
19899
20302
20715
21110
21512
21908
22312
22697
23086
23489
23884
24270
24664
25084
25497
25892
26279
26673
27068
27429
27806
28150
28511
28898
29291
29678
30056
30466
30879
31273
31667
32079
32483
32870
33273
33691
34094
34489
34893
35296
35684
36077
36481
36877
37264
37658
38061
38448
38827
39214
39616
39988
40373
40769
41164
41542
41920
42317
42711
43080
43469
43863
44251
44637
45016
45411
45823
46220
46598
46986
47388
47776
48146
48500
48853
49207
49585
49963
50341
50712
51092
51495
51896
52284
52678
53084
53495
53898
54293
54697
55125
55547
55957
56379
56807
57210
57605
58016
58436
58848
59244
59646
60057
60470
60873
61284
61704
62116
62510
62905
63324
63746
64150
64559
64978
65391
65784
66172
66582
66986
67390
67784
68177
68556
68943
69347
69782
70219
70664
71096
71516
71910
72280
72650
73019
73415
73827
74239
74652
75090
75526
75938
76344
76782
77210
77614
78017
78438
78866
79263
79666
80085
80483
80868
81247
81642
82028
82407
82777
83162
83557
83952
84347
84734
85121
85509
85886
86264
86658
87046
87430
87799
88178
88564
88933
89311
89697
90084
90469
90848
91235
91621
92006
92384
92779
93166
93543
93922
94299
94653
94998
95351
95704
96073
96451
96830
97201
97579
97975
98362
98732
99111
99505
99892
100263
100649
101038
101440
101819
102206
102609
103005
103391
103786
104182
104577
104955
105335
105722
106108
106486
106872
107267
107646
108016
108401
108780
109174
109553
109924
110310
110704
111091
111469
111855
112250
112636
113013
113400
113786
114164
114533
114879
115231
115592
115971
116365
116742
117122
117508
117910
118305
118692
119072
119492
119913
120324
120721
121114
121485
121855
122234
122655
123100
123530
123966
124402
124822
125219
125615
126018
126429
126842
127238
127641
128061
128464
128850
129254
129665
130076
130471
130874
131259
131646
132040
132419
132780
133132
133493
133871
134257
134642
135020
135400
135802
136196
136574
136953
137348
137742
138137
138525
138911
139307
139711
140122
140509
140904
141307
141719
142114
142501
142906
143318
143713
144100
144510
144914
145302
145696
146099
146502
146890
147286
147697
148092
148485
148881
149291
149696
