654
1033
1403
1782
2176
2563
2941
3312
3706
4085
4463
4834
5221
5607
5985
6355
6733
7119
7498
7877
8247
8633
9010
9380
9759
10153
10548
10927
11305
11691
12077
12455
12833
13219
13614
13975
14335
14714
15091
15469
15839
16225
16604
16982
17352
17731
18109
18487
18856
19226
19597
19983
20361
20732
21093
21446
21807
22202
22615
23020
23439
23844
24255
24642
25028
25424
25819
26189
26543
26896
27257
27619
28013
28393
28786
29173
29544
29947
30333
30727
31098
31478
31870
32249
32619
32980
33358
33737
34121
34492
34861
35247
35617
35994
36355
36725
37087
37455
37816
38171
38557
38942
39312
39682
40068
40447
40826
41187
41566
41943
42329
42692
43069
43448
43818
44179
44549
44929
45306
45670
46046
46418
46796
47182
47552
47931
48334
48730
49116
49495
49899
50302
50688
51060
51447
51833
52219
52590
52968
53363
53750
54128
54507
54894
55289
55649
56019
56389
56743
57095
57431
57767
58103
58456
58826
59211
59599
59984
60362
60749
61135
61506
61900
62295
62689
63067
63462
63856
64250
64621
65000
65394
65787
66166
66536
66924
67318
67698
68076
68463
68865
69244
69622
69993
70389
70776
71169
71540
71919
72322
72725
73105
73491
73886
74297
74677
75054
75432
75828
76215
76600
76979
77374
77777
78163
78534
78928
79315
79693
80063
80440
80819
81198
81582
81961
82340
82718
83078
83424
83776
84130
84507
84878
85247
85607
85970
86364
86744
87138
87517
87911
88324
88735
89132
89527
89921
90318
90721
91115
91502
91899
92301
92698
93076
93445
93816
94194
94581
94994
95429
95849
96271
96673
97036
97398
97774
98169
98581
98985
99373
99766
100162
100556
100951
101330
101716
102119
102521
102915
103294
103680
104090
104494
104897
105284
105679
106089
106484
106862
107240
107626
108004
108382
108752
109116
109492
109871
110249
110620
110997
111384
111755
112158
112519
112915
113302
113681
114058
114445
114849
115253
115646
116018
116413
116808
117202
117580
117959
118346
118733
119104
119490
119901
120297
120691
121071
121473
121860
122238
122602
122995
123390
123769
124148
124543
124938
125324
125703
126106
126494
126879
127266
127661
128048
128426
128814
129208
129595
129973
130352
130738
131115
131485
131856
132242
132628
132998
133369
133747
134125
134503
134865
135235
135604
135950
136295
136640
136992
137345
137715
138077
138447
138809
139179
139558
139928
140297
140675
141046
141423
141785
142147
142533
142911
143307
143686
144064
144441
144811
145191
145577
146014
146451
146887
147325
147745
148142
148553
148965
149370
149748
