1143
1587
2033
2469
2864
3233
3637
4066
4493
4880
5283
5712
6149
6576
6972
7358
7761
8206
8660
9113
9550
9954
10330
10718
11146
11599
12053
12474
12862
13221
13592
14029
14482
14936
15381
15785
16148
16535
16956
17401
17862
18301
18704
19067
19428
19848
20286
20731
21185
21597
21968
22362
22782
23237
23683
24127
24524
24884
25245
25633
26053
26482
26911
27321
27683
28045
28440
28858
29280
29700
30127
30513
30875
31278
31706
32151
32596
33034
33436
33805
34166
34561
34990
35443
35897
36341
36745
37107
37501
37921
38350
38786
39190
39569
39938
40358
40795
41241
41670
42081
42443
42821
43241
43678
44115
44560
44981
45350
45712
46106
46535
46972
47409
47829
48224
48610
49013
49458
49903
50341
50760
51147
51508
51894
52315
52751
53187
53624
54044
54423
54775
55163
55582
56010
56439
56876
57278
57648
58008
58370
58790
59235
59688
60142
60578
60966
61326
61704
62117
62562
63024
63493
63939
64344
64721
65134
65578
66031
66486
66908
67303
67706
68159
68648
69144
69615
70036
70415
70811
71230
71661
72105
72535
72939
73333
73746
74208
74695
75149
75588
75983
76361
76780
77210
77663
78109
78530
78924
79328
79773
80261
80741
81211
81648
82042
82412
82833
83311
83790
84278
84724
85127
85512
85925
86370
86831
87286
87714
88110
88512
88957
89420
89890
90311
90712
91126
91579
92033
92496
92916
93310
93697
94125
94595
95058
95493
95897
96309
96780
97259
97728
98166
98568
98937
99349
99785
100255
100709
101170
101607
102010
102413
102834
103278
103716
104151
104539
104941
105362
105806
106243
106687
107099
107493
107905
108343
108795
109241
109702
110163
110583
110962
111348
111760
112205
112651
113097
113515
113918
114338
114784
115262
115716
116120
116497
116900
117321
117766
118218
118663
119101
119495
119848
120202
120589
121008
121429
121856
122285
122705
123091
123445
123832
124252
124698
125142
125587
125991
126370
126756
127176
127612
128042
128461
128857
129226
129631
130059
130487
130915
131319
131690
132067
132471
132891
133319
133739
134135
134504
134875
135286
135707
136127
136531
136917
137311
137723
138152
138582
139018
139439
139826
140221
140633
141061
141474
141895
142297
142677
143087
143509
143946
144390
144827
145223
145593
145988
146407
146836
147274
147726
148138
148541
148968
149415
149893
