1255
1701
2129
2516
2875
3277
3699
4130
4559
4957
5321
5739
6177
6622
7073
7469
7830
8230
8649
9075
9512
9916
10290
10706
11147
11593
12036
12442
12808
13187
13621
14060
14492
14911
15302
15650
16043
16455
16891
17313
17704
18056
18435
18848
19284
19713
20133
20518
20888
21299
21736
22182
22635
23038
23424
23836
24281
24718
25129
25516
25945
26388
26836
27273
27674
28096
28541
28978
29372
29783
30211
30644
31063
31440
31801
32221
32643
33068
33476
33864
34221
34618
35022
35427
35838
36225
36610
37025
37470
37908
38352
38756
39143
39573
40010
40456
40877
41263
41649
42087
42544
42997
43410
43795
44209
44661
45119
45558
45958
46337
46756
47187
47631
48061
48440
48809
49263
49746
50231
50692
51096
51461
51886
52342
52806
53244
53653
54076
54529
55009
55471
55882
56242
56649
57085
57518
57943
58353
58717
59086
59498
59944
60358
60753
61111
61515
61928
62343
62762
63141
63521
63940
64368
64790
65185
65563
65968
66395
66826
67227
67597
68001
68423
68859
69297
69708
70078
70476
70897
71340
71759
72131
72523
72936
73349
73753
74139
74510
74921
75333
75761
76157
76528
76931
77353
77780
78168
78543
78947
79377
79831
80278
80697
81118
81564
82043
82522
82958
83330
83742
84172
84634
85090
85534
85930
86342
86787
87250
87671
88059
88471
88932
89371
89817
90245
90674
91119
91566
92003
92449
92868
93298
93769
94248
94719
95165
95568
95989
96434
96897
97326
97712
98109
98570
99024
99487
99915
100377
100866
101370
101831
102260
102747
103243
103705
104110
104513
104949
105412
105841
106262
106714
107196
107690
108144
108564
108976
109427
109891
110326
110738
111140
111588
112066
112519
112938
113357
113820
114289
114720
115129
115543
115996
116479
116963
117430
117842
118304
118780
119261
119691
120158
120637
121125
121564
121964
122385
122845
123334
123854
124317
124783
125265
125745
126216
126651
127055
127508
127995
128499
128988
129431
129836
130272
130744
131212
131656
132070
132538
133034
133529
134025
134456
134834
135246
135715
136160
136614
137017
137455
137917
138395
138869
139321
139717
140096
140557
140987
141441
141844
142239
142669
143173
143654
144133
144569
145023
145494
145957
146385
146764
147160
147588
148034
148456
148850
149228
149659
