1095
1553
2030
2506
2964
3388
3814
4270
4757
5240
5717
6158
6583
7004
7438
7914
8362
8810
9618
10046
10493
10954
11403
11844
12260
12672
13134
13582
13950
14754
15244
15732
16153
16601
17010
17411
17774
18079
18475
18923
19265
19688
19977
20389
20692
21072
21468
21861
22326
22813
23311
23803
24278
28327
28792
29291
29766
30214
30664
31101
31521
31942
32365
32814
37173
37649
38112
38478
39063
39205
39271
39339
39479
39905
40343
40499
40573
40947
41449
41688
42083
42535
42995
43433
43879
44290
44698
45145
45567
46012
46429
46857
47312
47777
48200
48635
49072
49520
49943
50354
50813
51305
51779
52243
52718
53200
53640
54091
54578
55085
55567
56034
56464
56881
57369
57859
58362
58849
59284
59695
60117
60581
61070
61571
62032
62470
62895
63342
63844
64333
64801
65255
65683
66100
66517
66975
67427
67915
68368
68794
69221
69666
70083
70491
70914
71354
71788
72201
72620
73059
73514
73968
74420
74870
75293
75713
76149
76616
77090
77556
77979
78416
78857
79300
79722
80137
80563
81018
81486
81948
82397
82821
83251
83703
84164
84619
85081
85543
85987
86418
86846
87295
87758
88211
88645
89063
89475
89895
90344
90827
91305
91756
92179
92602
93041
93486
93931
94365
94783
95207
95656
96115
96570
96996
97412
97842
98292
98741
99187
99628
100048
100489
100947
101408
101862
102285
102721
103179
103642
104116
104605
105090
105546
105987
106451
106941
107427
107906
108383
108826
109259
109698
110157
110639
111105
111568
112008
112433
112853
113292
113754
114228
114705
115200
115642
116073
116525
116971
117391
117788
118170
118598
118996
119388
119821
120248
120651
121058
121468
121902
122324
122731
123170
123617
124120
124614
125028
125433
125913
126421
126922
127402
127852
128237
128647
129112
129615
130118
130609
131032
131443
131873
132398
132890
133325
133780
134280
134803
135277
135720
136150
136632
137112
137611
138095
138534
138956
139394
139871
140361
140841
141278
141713
142179
142693
143206
143715
144208
144696
145122
145559
146050
146543
147042
147509
147969
148474
148993
149483
149922
