1207
1791
2323
2791
3295
3842
4376
4857
5346
5906
6506
7080
7573
8049
8530
9089
9647
10207
10728
11193
11699
12244
12776
13257
13733
14242
14775
15255
15705
16173
16681
17183
17638
18131
18673
19167
19611
20090
20609
21116
21580
22048
22554
23019
23486
24015
24538
25006
25538
26085
26614
27082
27576
28108
28614
29066
29555
30093
30587
31052
31574
32105
32569
33048
33558
34023
34529
35064
35554
36058
36584
37088
37539
38018
38516
39020
39472
39991
40525
41006
41520
42083
42565
43032
43553
44098
44564
45072
45605
46087
46600
47149
47656
48148
48681
49189
49658
50163
50694
51158
51618
52148
52746
53254
53711
54242
54838
55411
55935
56401
56900
57436
57920
58373
58853
59375
59889
60356
60837
61372
61904
62424
62890
63320
63836
64360
64838
65296
65811
66358
66866
67317
67794
68318
68850
69329
69784
70290
70837
71320
71768
72249
72810
73341
73797
74261
74775
75261
75705
76185
76732
77220
77731
78276
78757
79264
79811
80316
80783
81304
81851
82412
82918
83372
83917
84463
84957
85438
85904
86466
87051
87640
88131
88588
89104
89656
90201
90693
91172
91728
92283
92795
93255
93757
94283
94816
95319
95759
96227
96733
97203
97653
98136
98658
99122
99600
100134
100657
101109
101576
102077
102578
103032
103513
104031
104506
104949
105436
105967
106443
106899
107406
107952
108406
108886
109419
109901
110356
110887
111503
112065
112540
113026
113556
114106
114662
115133
115637
116186
116731
117200
117682
118228
118705
119173
119705
120258
120741
121283
121842
122324
122830
123366
123893
124365
124883
125430
125924
126393
126901
127447
127930
128394
128932
129511
129996
130477
131023
131570
132076
132529
133022
133545
134067
134601
135078
135536
136078
136644
137201
137721
138178
138657
139178
139725
140202
140671
141190
141698
142163
142685
143234
143716
144214
144743
145235
145704
146247
146798
147304
147760
148243
148789
149361
149865
