1091
1447
1789
2125
2469
2810
3184
3544
3884
4230
4591
4955
5312
5673
6022
6360
6689
7015
7363
7730
8096
8468
8838
9205
9570
9926
10275
10652
11028
11393
11749
12100
12431
12760
13106
13475
13843
14210
14560
14897
15241
15606
15985
16362
16746
17117
17466
17801
18155
18522
18898
19286
19681
20054
20412
20757
21108
21472
21827
22172
22515
22862
23208
23558
23904
24236
24554
24864
25180
25563
25965
26361
26750
27162
27578
27992
28406
28822
29235
29639
30002
30344
30689
31028
31377
31726
32077
32429
32787
33147
33490
33825
34167
34521
34897
35271
35652
36021
36384
36734
37077
37416
37764
38118
38480
38822
39152
39476
39807
40162
40510
40848
41179
41536
41913
42276
42630
42994
43360
43715
44048
44380
44738
45111
45499
45896
46275
46646
47002
47341
47686
48035
48404
48774
49142
49514
49875
50220
50558
50912
51279
51649
52019
52401
52771
53118
53458
53822
54210
54615
55031
55455
55853
56224
56613
57007
57401
57781
58152
58507
58855
59208
59578
59953
60333
60712
61071
61417
61757
62109
62489
62883
63261
63645
64014
64365
64716
65082
65466
65852
66246
66616
66971
67319
67681
68050
68417
68785
69145
69492
69838
70204
70573
70937
71298
71651
72002
72377
72774
73138
73479
73853
74236
74605
74967
75327
75699
76066
76428
76770
77109
77457
77812
78162
78494
78830
79182
79545
79905
80256
80596
80947
81306
81668
82037
82405
82762
83106
83440
83788
84148
84523
84904
85279
85633
85984
86348
86718
87082
87445
87802
88148
88487
88835
89189
89548
89915
90294
90650
91006
91371
91759
92138
92508
92865
93212
93552
93892
94248
94611
94978
95350
95708
96062
96407
96749
97089
97438
97800
98144
98476
98800
99117
99446
99774
100104
100434
100781
101144
101516
101886
102259
102625
102976
103322
103684
104048
104410
104764
105109
105448
105791
106145
106511
106885
107254
107605
107950
108295
108655
109021
109384
109745
110115
110498
110857
111204
111549
111914
112291
112669
113037
113401
113751
114098
114468
114849
115236
115640
116024
116385
116751
117144
117522
117894
118256
118606
118947
119299
119660
120032
120394
120748
121104
121480
121861
122238
122607
122962
123311
123684
124054
124421
124782
125137
125483
125822
126170
126532
126902
127268
127630
127987
128341
128708
129082
129459
129833
130203
130562
130907
131261
131620
131981
132341
132705
133064
133420
133793
134163
134529
134897
135252
135596
135943
136292
136645
137002
137351
137689
138027
138384
138738
139088
139438
139785
140127
140471
140825
141185
141547
141910
142265
142613
142966
143327
143686
144055
144410
144754
145098
145451
145803
146165
146555
146931
147288
147640
147991
148348
148709
149068
149419
149764
