902
1265
1618
1962
2316
2678
3054
3430
3793
4143
4510
4870
5241
5596
5940
6286
6652
7001
7360
7716
8053
8412
8781
9155
9514
9861
10228
10616
11004
11377
11736
12095
12465
12832
13199
13566
13912
14258
14611
14969
15327
15669
15994
16352
16713
17079
17435
17785
18123
18483
18863
19239
19609
19967
20314
20673
21043
21418
21778
22139
22508
22895
23307
23720
24110
24496
24889
25264
25642
26020
26390
26754
27140
27565
27991
28407
28799
29175
29537
29924
30318
30707
31108
31504
31889
32260
32620
32965
33342
33743
34155
34590
35017
35425
35818
36163
36539
36932
37315
37691
38053
38409
38755
39117
39489
39863
40247
40620
40979
41340
41715
42098
42469
42843
43213
43583
43955
44322
44700
45064
45449
45768
46140
46488
46838
47185
47552
47918
48275
48618
48977
49356
49723
50068
50415
50772
51142
51491
51838
52170
52512
52876
53251
53627
53994
54380
54776
55175
55559
55925
56296
56682
57087
57462
57819
58189
58572
58960
59332
59690
60039
60422
60811
61208
61593
61955
62310
62697
63086
63472
63843
64193
64564
64954
65346
65722
66082
66441
66813
67184
67549
67908
68261
68622
68993
69358
69713
70060
70415
70782
71151
71523
71876
72230
72592
72963
73337
73707
74055
74398
74754
75137
75533
75934
76322
76692
77049
77395
77744
78117
78487
78873
79248
79609
79998
80396
80784
81154
81522
81892
82261
82642
83018
83377
83754
84159
84548
84935
85304
85650
85988
86362
86775
87213
87630
88013
88409
88809
89197
89557
89928
90298
90673
91045
91401
91751
92098
92461
92832
93200
93553
93900
94254
94617
94977
95348
95707
96055
96425
96805
97200
97582
97959
98345
98729
99107
99462
99826
100191
100561
100931
101278
101634
101993
102354
102703
103053
103416
103780
104163
104534
104901
105246
105602
105977
106365
106749
107112
107465
107833
108213
108590
108964
109343
109699
110069
110522
110840
111203
111563
111913
112290
112664
113048
113422
113770
114116
114476
114839
115209
115569
115926
116290
116669
117058
117421
117780
118122
118476
118841
119195
119565
119924
120283
120660
121054
121447
121833
122205
122569
122943
123326
123723
124109
124486
124853
125244
125632
126017
126413
126787
127145
127517
127893
128281
128689
129082
129455
129840
130252
130667
131064
131451
131826
132195
132548
132889
133233
133582
133943
134325
134700
135078
135438
135784
136144
136529
136922
137312
137688
138056
138417
138792
139175
139550
139908
140259
140623
140979
141335
141674
142014
142350
142711
143089
143484
143877
144269
144640
145025
145416
145805
146192
146576
146939
147304
147696
148095
148482
148868
149231
149591
