356
735
1116
1489
1872
2254
2629
3012
3407
3788
4149
4511
4845
5175
5508
5861
6202
6534
6877
7234
7586
7943
8305
8667
9018
9396
9754
10097
10453
10826
11188
11555
11931
12289
12638
13000
13360
13720
14075
14435
14803
15164
15534
15905
16263
16634
17028
17404
17771
18143
18517
18874
19236
19599
19954
20306
20666
21026
21377
21754
22129
22482
22835
23192
23548
23897
24262
24620
24969
25335
25700
26050
26415
26781
27142
27507
27869
28231
28601
28984
29350
29717
30088
30447
30808
31176
31538
31893
32257
32620
32977
33338
33704
34064
34425
34797
35164
35523
35895
36261
36623
36987
37348
37705
38069
38437
38799
39162
39535
39895
40252
40615
40975
41329
41687
42046
42400
42758
43116
43470
43827
44193
44555
44915
45276
45634
45982
46335
46696
47059
47431
47810
48183
48558
48940
49307
49683
50065
50432
50804
51179
51540
51900
52269
52631
52983
53339
53705
54057
54408
54768
55117
55465
55824
56181
56528
56877
57223
57566
57903
58252
58597
58940
59270
59589
59896
60203
60509
60809
61110
61406
61702
62000
62299
62614
62937
63253
63572
63901
64229
64558
64901
65261
65624
66002
66395
66769
67156
67542
67900
68257
68620
68979
69336
69683
70037
70368
70705
71036
71354
71670
71999
72334
72669
73012
73361
73701
74049
74412
74765
75141
75524
75893
76284
76678
77041
77424
77806
78168
78531
78896
79246
79601
79956
80302
80656
81008
81349
81689
82048
82395
82739
83089
83445
83791
84143
84502
84855
85197
85554
85918
86267
86616
86972
87324
87681
88040
88387
88732
89084
89426
89766
90121
90479
90841
91206
91572
91931
92285
92653
93020
93377
93735
94094
94450
94802
95161
95520
95869
96213
96568
96927
97278
97638
98004
98363
98720
99085
99447
99811
100184
100549
100908
101275
101641
101993
102344
102695
103043
103389
103747
104104
104456
104816
105183
105542
105908
106279
106642
107011
107383
107744
108101
108464
108820
109171
109532
109889
110243
110597
110952
111300
111648
112004
112349
112693
113045
113396
113744
114097
114454
114807
115155
115508
115851
116193
116547
116896
117241
117588
117934
118276
118624
118977
119324
119679
120035
120391
120753
121116
121477
121836
122201
122568
122925
123293
123662
124027
124393
124766
125126
125490
125855
126215
126581
126948
127306
127661
128022
128378
128727
129083
129444
129795
130152
130516
130872
131225
131589
131959
132322
132697
133072
133437
133806
134173
134528
134880
135241
135599
135955
136313
136672
137026
137386
137754
138113
138466
138819
139166
139508
139852
140196
140537
140878
141226
141567
141896
142232
142569
142901
143238
143584
143923
144256
144607
144959
145299
145639
145987
146326
146665
147010
147349
147688
148035
148391
148737
149079
149428
149779
