328
708
1079
1453
1826
2193
2568
2944
3321
3702
4077
4455
4842
5221
5597
5991
6390
6760
7140
7524
7893
8264
8628
8987
9359
9712
10073
10440
10811
11179
11560
11937
12311
12684
13065
13431
13801
14181
14548
14911
15283
15657
16019
16384
16750
17110
17476
17847
18221
18601
18986
19369
19747
20134
20525
20906
21296
21686
22065
22444
22831
23213
23605
24008
24393
24783
25176
25556
25940
26331
26707
27087
27475
27848
28230
28614
28987
29368
29746
30117
30494
30864
31230
31600
31969
32333
32700
33062
33422
33794
34157
34519
34893
35260
35627
35995
36369
36733
37096
37462
37820
38183
38549
38910
39271
39636
39993
40347
40714
41078
41433
41799
42170
42526
42885
43255
43614
44029
44344
44701
45063
45431
45790
46152
46515
46868
47228
47593
47953
48311
48680
49042
49399
49768
50139
50497
50855
51219
51567
51917
52273
52626
52975
53337
53701
54052
54396
54761
55116
55455
55816
56162
56503
56851
57212
57564
57915
58265
58615
58960
59342
59700
60049
60418
60775
61124
61505
61863
62217
62595
62979
63355
63729
64099
64458
64832
65213
65579
65950
66316
66674
67050
67430
67792
68163
68538
68904
69277
69679
70050
70412
70794
71158
71524
71902
72257
72695
72964
73340
73703
74079
74445
74802
75177
75561
75920
76279
76656
77022
77373
77744
78105
78457
78823
79183
79537
79894
80262
80620
80967
81333
81717
82080
82433
82804
83177
83545
83906
84293
84652
85011
85395
85760
86117
86503
86874
87249
87636
88016
88385
88776
89163
89521
89887
90277
90661
91029
91429
91817
92183
92566
92969
93347
93735
94140
94516
94880
95270
95664
96025
96391
96787
97155
97518
97913
98316
98694
99077
99462
99831
100201
100578
100947
101314
101688
102060
102428
102799
103173
103536
103879
104242
104623
104980
105325
105696
106046
106400
106764
107138
107491
107846
108219
108582
108931
109285
109641
109987
110342
110697
111042
111381
111731
112091
112430
112776
113132
113479
113819
114168
114524
114865
115201
115547
115892
116228
116559
116897
117235
117569
117905
118243
118581
118913
119249
119590
119932
120276
120625
120971
121311
121658
122010
122358
122697
123049
123402
123747
124095
124416
124736
125073
125416
125754
126091
126434
126790
127143
127520
127908
128279
128660
129056
129435
129813
130212
130597
130959
131328
131702
132062
132423
132796
133151
133500
133866
134230
134588
134957
135332
135695
136058
136435
136801
137158
137525
137888
138249
138601
138972
139348
139705
140069
140450
140818
141188
141566
141937
142297
142671
143043
143415
143780
144160
144528
144895
145275
145654
146019
146404
146796
147168
147553
147952
148335
148715
149115
149498
149864
