1117
1521
1933
2334
2755
3167
3569
3956
4360
4763
5164
5551
5939
6335
6729
7115
7503
7916
8333
8738
9133
9553
9964
10369
10763
11160
11547
11933
12304
12672
13034
13396
13758
14111
14488
14883
15271
15650
16035
16430
16817
17195
17574
17976
18371
18750
19119
19507
19893
20264
20626
21001
21371
21741
22111
22482
22875
23270
23647
24025
24413
24807
25194
25578
25966
26360
26739
27115
27501
27888
28276
28654
29040
29442
29836
30223
30602
31005
31409
31802
32181
32566
32953
33339
33718
34104
34498
34894
35273
35659
36054
36449
36837
37207
37594
37980
38360
38736
39099
39469
39846
40225
40596
40965
41337
41723
42101
42462
42832
43203
43574
43934
44296
44673
45044
45414
45775
46146
46524
46894
47256
47623
47993
48372
48735
49103
49483
49875
50254
50630
51026
51421
51814
52193
52581
52982
53377
53754
54124
54502
54879
55250
55618
55997
56392
56802
57191
57593
58012
58433
58835
59228
59626
60020
60412
60776
61153
61539
61920
62296
62672
63053
63439
63823
64187
64564
64943
65329
65704
66069
66446
66831
67211
67586
67950
68328
68715
69099
69469
69832
70209
70588
70964
71327
71697
72074
72452
72823
73195
73579
73966
74344
74715
75093
75478
75850
76212
76589
76967
77338
77707
78077
78463
78850
79237
79624
80028
80431
80818
81220
81627
82036
82424
82809
83205
83608
84010
84400
84785
85188
85591
85995
86382
86767
87178
87581
87977
88362
88751
89144
89530
89915
90286
90671
91050
91410
91764
92110
92459
92814
93183
93553
93929
94284
94651
95020
95384
95760
96121
96476
96860
97247
97626
98003
98375
98761
99154
99526
99888
100257
100636
101013
101382
101745
102130
102510
102904
103282
103652
104030
104408
104777
105138
105508
105895
106274
106643
107011
107382
107753
108122
108475
108845
109214
109577
109929
110298
110669
111045
111415
111777
112162
112543
112921
113291
113660
114037
114415
114771
115122
115476
115837
116198
116544
116896
117260
117635
118007
118376
118753
119133
119521
119899
120270
120647
121024
121388
121740
122102
122471
122834
123196
123563
123942
124320
124707
125078
125465
125851
126236
126607
127008
127395
127773
128143
128521
128899
129288
129665
130041
130427
130813
131190
131560
131939
132315
132669
133029
133391
133744
134112
134499
134902
135296
135692
136078
136482
136908
137320
137708
138086
138489
138884
139278
139658
140044
140446
140843
141237
141616
142019
142431
142833
143220
143615
144002
144396
144775
145154
145549
145944
146340
146719
147112
147524
147928
148323
148718
149130
149541
