854
1248
1618
2005
2400
2787
3166
3560
3948
4335
4722
5108
5503
5899
6277
6680
7075
7479
7874
8261
8673
9085
9488
9875
10279
10690
11086
11480
11875
12279
12691
13077
13473
13892
14296
14699
15094
15497
15901
16304
16683
17086
17489
17900
18295
18707
19119
19547
19950
20345
20756
21168
21587
21982
22394
22814
23233
23628
24039
24442
24845
25240
25626
26029
26441
26852
27247
27651
28071
28507
28935
29338
29750
30179
30591
30986
31414
31834
32254
32658
33053
33464
33876
34295
34682
35085
35497
35884
36270
36664
37051
37446
37849
38261
38655
39059
39479
39891
40294
40698
41118
41546
41958
42361
42774
43194
43614
44001
44404
44816
45229
45632
46027
46438
46851
47254
47649
48061
48481
48902
49306
49717
50121
50540
50928
51331
51718
52138
52533
52928
53324
53743
54163
54559
54938
55341
55736
56139
56526
56913
57317
57720
58131
58527
58923
59326
59737
60132
60520
60923
61326
61722
62108
62504
62907
63294
63679
64066
64462
64864
65243
65620
66023
66418
66813
67198
67585
67980
68383
68769
69156
69550
69946
70340
70718
71104
71491
71894
72282
72675
73062
73449
73852
74230
74625
75029
75424
75795
76181
76576
76971
77341
77720
78114
78502
78888
79267
79671
80075
80477
80856
81259
81654
82057
82445
82823
83209
83596
83999
84378
84764
85166
85561
85956
86334
86729
87132
87526
87896
88274
88660
89038
89399
89768
90146
90524
90902
91280
91657
92044
92430
92808
93187
93572
93950
94320
94698
95076
95454
95831
96201
96578
96957
97335
97704
98082
98469
98863
99251
99628
100015
100409
100797
101183
101553
101939
102317
102694
103064
103434
103812
104190
104552
104930
105324
105704
106072
106443
106829
107207
107577
107939
108309
108687
109057
109418
109788
110166
110545
110906
111284
111671
112058
112420
112790
113168
113545
113907
114277
114646
115026
115404
115773
116144
116514
116893
117270
117640
118011
118388
118766
119145
119523
119885
120263
120649
121011
121380
121751
122137
122531
122910
123287
123666
124060
124439
124816
125202
125597
125976
126361
126747
127125
127504
127889
128259
128645
129031
129427
129812
130198
130577
130972
131348
131719
132088
132466
132844
133205
133567
133936
134315
134684
135046
135416
135802
136181
136543
136920
137291
137677
138047
138417
138796
139174
139545
139913
140292
140679
141058
141435
141814
142193
142571
142940
143310
143705
144084
144455
144832
145218
145605
145983
146345
146723
147117
147504
147890
148268
148655
149041
149419
149797
