1223
1669
2141
2637
3105
3569
4054
4522
4968
5438
5910
6356
6789
7242
7739
8261
8715
9169
9628
10060
10494
10949
11411
11848
12309
12804
13281
13727
14188
14666
15105
15541
16009
16472
16902
17340
17799
18187
18588
18991
19410
19873
20344
20781
21208
21687
22166
22604
23073
23584
24045
24501
25005
25543
25995
26457
26962
27441
27886
28372
28901
29373
29868
30389
30883
31344
31839
32371
32841
33361
33957
34455
34957
35477
36018
36502
37013
37602
38107
38626
39198
39693
40182
40745
41290
41776
42298
42868
43371
43902
44506
45083
45597
46102
46655
47143
47646
48168
48688
49183
49805
50402
50906
51418
51947
52434
52896
53392
54015
54583
55097
55617
56121
56583
57087
57716
58245
58801
59337
59868
60405
60950
61453
61975
62496
62993
63488
64016
64552
65058
65587
66129
66650
67148
67675
68222
68745
69280
69832
70372
70887
71429
71958
72460
72999
73535
74058
74561
75098
75661
76182
76719
77274
77840
78359
78906
79458
79972
80493
81038
81569
82097
82636
83181
83692
84213
84767
85304
85819
86348
86892
87398
87936
88489
89034
89556
90112
90690
91243
91764
92312
92884
93451
93984
94529
95089
95639
96158
96687
97150
97600
98031
98484
98947
99399
99853
100334
100801
101238
101684
102146
102591
103002
103459
103918
104323
104760
105214
105615
106026
106445
106857
107330
107784
108187
108647
109103
109564
109993
110445
110907
111371
111807
112236
112683
113161
113605
114068
114570
115025
115487
115966
116479
116932
117402
117915
118411
118858
119337
119866
120353
120824
121352
121899
122380
122889
123412
123891
124454
125068
125598
126051
126521
127025
127497
128002
128571
129083
129547
130033
130547
131032
131477
131948
132419
132872
133301
133763
134242
134712
135151
135604
136085
136570
137016
137469
137930
138394
138824
139269
139748
140218
140649
141102
141573
142037
142473
142919
143390
143835
144270
144733
145230
145685
146145
146644
147172
147642
148080
148540
149028
149508
