463
699
934
1169
1403
1639
1873
2109
2344
2579
2815
3057
3309
3554
3812
4064
4315
4560
4804
5056
5299
5550
5794
6038
6281
6524
6768
7003
7238
7480
7716
7953
8195
8438
8683
8933
9185
9445
9698
9965
10227
10487
10748
11008
11269
11536
11805
12073
12342
12611
12887
13150
13417
13679
13939
14199
14467
14728
14996
15273
15551
15836
16122
16407
16700
16986
17280
17582
17875
18170
18472
18758
19044
19337
19623
19909
20202
20488
20782
21084
21371
21674
21967
22251
22538
22830
23125
23418
23713
24007
24301
24586
24880
25165
25451
25738
26023
26309
26594
26880
27165
27443
27728
28006
28275
28560
28829
29107
29392
29678
29948
30233
30518
30795
31081
31350
31619
31888
32157
32426
32695
32964
33233
33510
33779
34048
34318
34586
34855
35124
35386
35654
35923
36192
36461
36722
36982
37244
37520
37781
38050
38303
38571
38840
39101
39362
39630
39892
40153
40405
40665
40925
41178
41438
41683
41942
42195
42455
42691
42944
43195
43448
43700
43953
44204
44456
44709
44960
45213
45473
45725
45985
46238
46490
46742
46994
47245
47490
47742
47993
48229
48481
48716
48952
49186
49415
49641
49876
50110
50346
50573
50808
51044
51279
51513
51749
51993
52236
52473
52724
52976
53221
53480
53732
53983
54228
54479
54731
54976
55220
55471
55723
55975
56227
56479
56732
56984
57244
57504
57757
58024
58284
58545
58806
59066
59319
59586
59839
60100
60360
60613
60881
61133
61386
61637
61888
62117
62368
62612
62855
63099
63343
63594
63848
64099
64351
64603
64855
65115
65375
65627
65887
66147
66399
66660
66920
67180
67448
67701
67954
68213
68473
68725
68978
69238
69491
69743
69995
70246
70498
70750
70994
71238
71489
71732
71968
72211
72439
72682
72910
73144
73372
73607
73849
74086
74329
74573
74816
75059
75304
75555
75807
76060
76328
76589
76858
77135
77411
77680
77957
78227
78503
78781
79058
79335
79612
79889
80167
80451
80737
81015
81284
81553
81821
82089
82358
82619
82886
83148
83409
83677
83937
84198
84458
84719
84988
85258
85534
85810
86079
86348
86625
86894
87170
87439
87708
87975
88245
88505
88765
89025
89285
89538
89798
90050
90302
90554
90806
91049
91293
91536
91780
92023
92266
92502
92738
92981
93224
93468
93703
93938
94181
94424
94660
94888
95129
95357
95583
95811
96037
96263
96491
96718
96952
97180
97414
97649
97885
98129
98388
98649
98918
99194
99472
99749
100027
100304
100580
100849
101126
101396
101673
101949
102226
102496
102773
103042
103318
103595
103864
104141
104418
104695
104972
105249
105527
105812
106090
106367
106635
106904
107173
107442
107719
107997
108273
108550
108827
109105
109390
109667
109945
110223
110507
110769
111045
111314
111583
111836
112096
112357
112609
112869
113130
113382
113635
113894
114139
114399
114651
114911
115155
115400
115651
115895
116139
116390
116634
116887
117147
117399
117651
117904
118164
118416
118676
118937
119198
119459
119719
119971
120224
120476
120727
120979
121232
121475
121727
121971
122223
122475
122711
122963
123208
123468
123728
123989
124257
124519
124787
125056
125325
125595
125871
126140
126417
126695
126964
127233
127494
127763
128032
128293
128562
128831
129107
129376
129645
129906
130167
130436
130697
130965
131233
131502
131779
132049
132334
132612
132897
133182
133468
133746
134023
134308
134578
134855
135132
135409
135670
135930
136206
136468
136736
137005
137274
137542
137810
138071
138339
138618
138870
139129
139406
139666
139927
140212
140480
140758
141019
141287
141555
141832
142083
142336
142596
142848
143100
143352
143612
143864
144116
144376
144636
144896
145165
145434
145703
145972
146240
146501
146770
147038
147298
147560
147828
148088
148341
148608
148861
149120
149381
149641
