514
782
1051
1320
1583
1850
2118
2388
2651
2911
3170
3429
3683
3934
4181
4430
4673
4910
5145
5381
5616
5859
6094
6330
6565
6801
7037
7272
7506
7744
7987
8231
8482
8734
8988
9254
9516
9777
10037
10297
10557
10818
11078
11339
11600
11861
12122
12380
12633
12886
13144
13398
13651
13908
14161
14413
14667
14925
15185
15445
15706
15965
16219
16479
16732
16991
17243
17494
17740
17991
18242
18487
18737
18988
19239
19486
19738
19990
20240
20484
20734
20979
21223
21465
21702
21944
22180
22415
22649
22877
23105
23332
23560
23803
24037
24265
24484
24710
24937
25164
25392
25627
25854
26089
26323
26561
26796
27032
27267
27501
27738
27973
28226
28469
28706
28931
29168
29410
29647
29890
30126
30362
30604
30846
31085
31335
31586
31832
32084
32343
32598
32858
33118
33376
33631
33892
34159
34420
34682
34950
35217
35478
35739
36006
36268
36530
36797
37052
37311
37571
37825
38084
38343
38590
38847
39100
39353
39605
39850
40100
40345
40589
40833
41101
41337
41580
41816
42059
42295
42531
42775
43019
43254
43497
43733
43968
44212
44449
44692
44918
45146
45381
45617
45860
46094
46323
46550
46777
47004
47238
47490
47701
47953
48197
48415
48659
48903
49138
49382
49642
49894
50146
50391
50660
50903
51155
51415
51676
51945
52214
52492
52777
53063
53357
53651
53938
54231
54518
54810
55088
55374
55652
55945
56232
56533
56827
57129
57432
57734
58021
58323
58626
58936
59238
59541
59852
60154
60457
60759
61069
61371
61641
61952
62221
62507
62792
63078
63371
63665
63952
64253
64539
64817
65102
65396
65681
65958
66242
66520
66798
67075
67352
67629
67906
68183
68460
68729
68998
69267
69544
69820
70081
70350
70618
70879
71140
71391
71644
71903
72148
72398
72617
72860
73121
73356
73591
73826
74061
74305
74548
74792
75044
75313
75573
75834
76094
76354
76623
76892
77162
77431
77700
77969
78237
78498
78767
79028
79289
79550
79810
80070
80314
80558
80803
81055
81306
81551
81804
82064
82316
82576
82837
83106
83360
83628
83880
84133
84401
84654
84915
85176
85443
85704
85965
86225
86486
86747
87016
87284
87546
87815
88083
88352
88621
88873
89142
89412
89688
89958
90227
90494
90756
91017
91284
91544
91798
92057
92318
92578
92837
93090
93342
93594
93846
94099
94357
94609
94862
95115
95366
95617
95869
96114
96365
96609
96853
97095
97330
97566
97818
98044
98279
98506
98734
98969
99204
99447
99691
99909
100144
100396
100623
100867
101119
101363
101607
101859
102111
102363
102615
102876
103128
103389
103650
103911
104179
104433
104700
104953
105215
105475
105743
106004
106265
106526
106786
107047
107282
107551
107811
108065
108324
108576
108829
109081
109327
109578
109823
110073
110324
110568
110806
111049
111293
111537
111780
112024
112268
112512
112754
112990
113234
113476
113713
113956
114198
114433
114669
114905
115147
115382
115618
115853
116088
116323
116557
116785
117021
117255
117491
117732
117967
118195
118430
118665
118901
119136
119379
119614
119842
120077
120312
120547
120781
121008
121244
121470
121698
121941
122168
122403
122630
122857
123084
123318
123546
123781
124016
124251
124479
124714
124958
125193
125420
125672
125891
126135
126386
126598
126849
127102
127345
127572
127816
128059
128328
128572
128807
129043
129296
129547
129791
130035
130279
130531
130775
131026
131270
131513
131757
132001
132228
132472
132715
132951
133186
133429
133681
133909
134144
134363
134598
134833
135060
135296
135531
135766
136001
136245
136489
136732
136976
137220
137472
137724
137976
138236
138505
138766
139042
139303
139573
139841
140118
140378
140655
140924
141193
141454
141721
141982
142233
142494
142755
143023
143292
143560
143822
144065
144327
144588
144847
145123
145376
145628
145880
146131
146375
146628
146879
147132
147400
147661
147930
148191
148460
148729
149006
149250
149518
149779
