435
964
1443
1931
2461
2940
3478
4033
4530
5060
5607
6095
6599
7112
7575
8071
8576
9054
9568
10097
10568
11089
11593
12088
12609
13122
13609
14113
14617
15087
15591
16086
16548
17051
17555
18042
18545
19057
19528
20039
20543
21013
21509
22013
22508
22987
23432
23861
24272
24700
25120
25540
25944
26372
26801
27228
27666
28127
28564
29001
29455
29926
30354
30817
31313
31759
32229
32718
33196
33651
34139
34618
35072
35542
36013
36458
36921
37400
37846
38308
38795
39249
39686
40147
40593
41021
41474
41927
42347
42775
43187
43598
44009
44428
44864
45301
45729
46199
46694
47156
47627
48131
48609
49072
49567
50072
50551
51056
51586
52073
52578
53108
53587
54074
54554
55026
55479
55959
56463
56933
57413
57883
58337
58791
59253
59699
60161
60632
61085
61581
62085
62573
63059
63597
64067
64570
65091
65585
66072
66584
67071
67542
68037
68531
68985
69447
69952
70414
70885
71389
71868
72322
72800
73297
73750
74221
74701
75154
75651
76164
76643
77122
77618
78080
78559
79048
79526
79997
80502
81005
81452
81964
82451
82922
83426
83737
84384
84889
85367
85846
86366
86870
87340
87853
88348
88810
89297
89784
90254
90741
91219
91665
92143
92614
93076
93564
94068
94531
95018
95540
96019
96507
97037
97525
97997
98493
98981
99443
99931
100419
100873
101335
101822
102285
102746
103225
103696
104142
104612
105099
105553
106015
106511
106972
107434
107912
108366
108827
109281
109743
110188
110658
111162
111624
112085
112564
113051
113506
113975
114471
114907
115354
115832
116286
116724
117186
117665
118103
118557
119044
119515
119978
120448
120895
121349
121836
122299
122770
123267
123729
124191
124671
125176
125638
126117
126621
127075
127546
128050
128521
129000
129504
130001
130471
130958
131461
131915
132376
132855
133318
133772
134241
134729
135199
135687
136215
136693
137214
137735
138197
138701
139196
139651
140121
140600
141046
141517
142012
142467
142929
143408
143863
144317
144805
145284
145739
146227
146723
147185
147665
148186
148649
149128
149641
