923
1428
1940
2419
2931
3435
3922
4451
4979
5466
5970
6499
6970
7473
7986
8465
8953
9473
9943
10415
10927
11415
11869
12365
12861
13324
13820
14333
14812
15316
15820
16275
16738
17233
17705
18167
18663
19134
19588
20076
20572
21042
21538
22042
22513
22999
23503
23974
24436
24932
25410
25863
26360
26856
27309
27803
28307
28786
29273
29777
30289
30768
31264
31775
32246
32733
33254
33742
34237
34759
35262
35758
36288
36801
37287
37793
38288
38775
39322
39868
40373
40910
41458
41970
42508
43030
43509
44023
44552
45032
45545
46058
46554
47067
47580
48049
48537
49050
49520
49999
50495
50948
51402
51864
52317
52762
53234
53703
54157
54635
55114
55583
56070
56549
57019
57498
57976
58438
58935
59438
59916
60438
60926
61412
61916
62396
62867
63354
63842
64295
64801
65322
65800
66288
66792
67255
67727
68223
68701
69181
69694
70175
70652
71166
71678
72166
72679
73182
73644
74131
74670
75174
75669
76215
76736
77247
77776
78296
78774
79278
79790
80251
80720
81249
81720
82165
82635
83088
83534
84021
84532
84995
85507
86037
86531
87054
87574
88060
88573
89087
89573
90102
90598
91077
91591
92079
92574
93095
93575
94062
94576
95048
95535
96030
96501
97006
97527
98032
98535
99031
99510
99999
100496
100981
101461
101972
102443
102945
103475
103930
104450
104988
105483
106004
106542
107036
107556
108093
108572
109085
109598
110077
110573
111101
111573
112068
112590
113085
113575
114096
114608
115088
115601
116106
116594
117107
117636
118148
118653
119238
119779
120260
120789
121260
121755
122294
122789
123261
123805
124318
124805
125327
125849
126351
126880
127384
127864
128392
128937
129424
129926
130448
130886
131354
131850
132319
132816
133345
133848
134377
134915
135395
135922
136436
136914
137419
137974
138553
139090
139652
140166
140746
141319
141841
142378
142926
143421
143925
144454
144942
145430
145942
146421
146901
147430
147900
148388
148902
149389
149900
