965
1393
1805
2184
2572
2983
3378
3773
4185
4588
4975
5361
5773
6185
6572
6992
7421
7816
8211
8631
9034
9405
9817
10237
10631
11019
11431
11851
12245
12675
13112
13524
13945
14373
14786
15198
15634
16054
16442
16853
17273
17669
18073
18510
18914
19309
19728
20142
20537
20948
21361
21755
22160
22587
22983
23378
23790
24193
24571
24974
25379
25766
26176
26596
26984
27378
27798
28219
28621
29026
29454
29866
30269
30681
31110
31522
31925
32345
32756
33152
33572
34000
34397
34800
35221
35640
36027
36447
36867
37254
37649
38052
38447
38833
39246
39698
40118
40530
40967
41379
41773
42186
42597
42992
43403
43807
44201
44597
45008
45404
45781
46167
46580
46975
47362
47773
48176
48556
48959
49380
49782
50178
50598
50985
51380
51810
52222
52617
53054
53466
53853
54265
54669
55064
55476
55904
56308
56703
57124
57543
57939
58368
58805
59209
59629
60066
60478
60882
61319
61740
62144
62580
63034
63447
63850
64263
64674
65069
65498
65935
66347
66776
67204
67607
68019
68457
68877
69297
69727
70172
70576
70996
71433
71837
72240
72653
73063
73459
73879
74291
74694
75132
75577
75980
76385
76788
77165
77518
77872
78224
78578
78981
79394
79788
80192
80621
81023
81394
81796
82217
82621
83024
83453
83881
84284
84696
85126
85537
85933
86353
86790
87186
87589
88010
88430
88833
89254
89699
90103
90507
90926
91330
91726
92162
92583
92986
93406
93827
94239
94651
95079
95500
95895
96331
96785
97190
97575
97928
98282
98686
99123
99560
99999
100418
100863
101302
101721
102150
102605
103058
103464
103890
104328
104757
105170
105598
106019
106414
106825
107246
107659
108061
108474
108910
109314
109725
110138
110533
110928
111356
111776
112180
112592
113003
113381
113793
114229
114650
115060
115473
115918
116328
116731
117143
117537
117916
118327
118755
119150
119562
119990
120402
120789
121200
121620
122015
122419
122831
123251
123629
124040
124471
124882
125260
125655
126051
126445
126840
127268
127672
128084
128504
128908
129311
129732
130135
130530
130950
131386
131789
132193
132613
133008
133411
133822
134234
134620
135024
135444
135840
136252
136688
137092
137487
137898
138294
138689
139101
139529
139925
140336
140756
141160
141547
141968
142387
142774
143185
143605
144000
144403
144824
145243
145630
146041
146453
146848
147233
147620
148023
148408
148804
149223
149644
