267
663
1041
1434
1865
2300
2714
3142
3561
3965
4378
4780
5151
5554
5983
6386
6797
7226
7621
8025
8446
8848
9219
9622
10027
10421
10816
11237
11632
12035
12456
12860
13254
13666
14087
14481
14878
15297
15726
16097
16499
16911
17323
17710
18122
18551
18938
19358
19780
20191
20620
21049
21452
21865
22285
22688
23101
23530
23932
24329
24757
25169
25573
26010
26431
26842
27270
27708
28111
28531
28952
29355
29783
30211
30607
31036
31490
31909
32337
32767
33169
33580
34002
34405
34807
35220
35632
36035
36454
36890
37311
37705
38109
38546
38958
39351
39756
40184
40579
40981
41393
41804
42208
42637
43065
43452
43846
44242
44635
45014
45433
45871
46291
46728
47183
47610
48031
48468
48880
49275
49678
50090
50477
50863
51266
51661
52031
52427
52846
53241
53628
54031
54427
54804
55191
55594
55981
56351
56738
57141
57527
57898
58308
58722
59124
59503
59898
60301
60679
61059
61453
61832
62219
62630
63034
63421
63825
64235
64623
65010
65413
65832
66210
66614
67034
67420
67815
68219
68622
68999
69386
69789
70175
70553
70949
71352
71731
72116
72503
72890
73275
73653
74056
74435
74797
75184
75595
75990
76360
76746
77142
77520
77890
78285
78689
79068
79471
79884
80278
80656
81051
81447
81818
82196
82599
83002
83380
83768
84187
84583
84970
85390
85801
86189
86601
87031
87442
87821
88224
88645
89074
89495
89932
90378
90832
91286
91732
92145
92582
93019
93456
93884
94347
94775
95222
95667
96088
96525
96961
97373
97810
98256
98659
99096
99542
99971
100399
100836
101263
101675
102112
102541
102960
103389
103833
104229
104656
105093
105496
105907
106328
106755
107149
107561
107997
108400
108811
109250
109703
110131
110593
111055
111501
111963
112400
112811
113240
113685
114089
114518
114971
115416
115811
116223
116644
117030
117425
117862
118307
118728
119172
119618
120039
120441
120854
121290
121701
122105
122541
122970
123357
123759
124163
124549
124943
125321
125716
126102
126497
126917
127304
127705
128117
128521
128915
129310
129713
130107
130494
130889
131282
131652
132029
132416
132812
133197
133584
133995
134399
134777
135179
135592
135995
136390
136802
137214
137609
138020
138457
138869
139272
139692
140105
140500
140919
141339
141733
142137
142549
142969
143372
143801
144246
144666
145061
145482
145901
146288
146699
147136
147388
147985
148423
148843
149237
149650
