375
702
1032
1363
1695
2020
2342
2668
2990
3309
3628
3953
4275
4595
4910
5223
5534
5845
6158
6475
6786
7094
7407
7712
8020
8325
8628
8930
9233
9536
9845
10149
10460
10770
11080
11391
11693
11996
12288
12574
12851
13144
13700
14001
14313
14614
14917
15220
15529
15825
16127
16427
16730
17040
17353
17665
17977
18303
18639
18977
19323
19667
20011
20363
20725
21103
21480
21849
22213
22588
22961
23332
23693
24045
24397
24750
25105
25459
25811
26161
26507
26859
27206
27551
27888
28238
28585
28930
29274
29611
29947
30282
30617
30948
31282
31611
31935
32253
32569
32888
33200
33510
33819
34131
34456
34771
35087
35401
35721
36051
36385
36725
37058
37395
37745
38100
38460
38819
39166
39513
39866
40227
40586
40940
41292
41646
42009
42369
42738
43092
43438
43790
44148
44503
44857
45208
45560
45915
46269
46618
46958
47294
47638
47983
48333
48681
49023
49360
49697
50034
50367
50703
51033
51362
51698
52040
52384
52721
53050
53376
53698
54022
54343
54661
54977
55294
55613
55932
56254
56571
56882
57196
57510
57822
58134
58446
58760
59073
59387
59704
60022
60336
60653
60964
61272
61574
61873
63401
63736
64073
64409
64738
65080
65427
65785
66145
66503
66852
67196
67541
67887
68234
68577
68920
69265
69608
69960
70314
70669
71026
71373
71717
72060
72398
72741
73086
73432
73784
74131
74473
74802
75129
75449
75770
76111
76448
76777
77112
77465
77819
78173
78518
78853
79183
79517
79847
80176
80500
80820
81140
81469
81798
82130
82453
82786
83110
83439
83774
84102
84436
84773
85112
85456
85806
86151
86489
86824
87151
87481
87816
88154
88498
88836
89185
89531
89868
90198
90532
90863
91196
91524
91853
92181
92506
92836
93174
93511
93847
94174
94503
94831
95164
95488
95816
96150
96479
96821
97162
97505
97842
98179
98506
98839
99169
99503
99835
100171
100499
100825
101153
101481
101825
102160
102491
102834
103171
103508
103850
104186
104522
104852
105186
105530
105875
106205
106541
106860
107178
107490
107805
108127
108448
108785
109127
109459
109787
110111
110438
110770
111111
111455
111802
112143
112474
112811
113144
113474
113809
114145
114475
114819
115164
115507
115850
116181
116509
116837
117170
117499
117828
118148
118475
118801
119123
119450
119778
120098
120413
120729
121040
121354
121663
121973
122282
122587
122883
123185
123485
123774
124065
124351
124636
124917
125209
125503
125797
126092
126383
126675
126967
127262
127558
127857
128158
128455
128750
129042
129336
129627
129925
130219
130547
130855
131160
131466
131774
132083
132394
132707
133019
133337
133666
133992
134323
134650
134987
135315
135634
135952
136286
136609
136938
137256
137575
137901
138237
138566
138893
139206
139516
139826
140124
140423
140725
141030
141338
141643
141959
142274
142600
142929
143254
143575
143895
144214
144534
144854
145174
145490
145801
146114
146426
146752
147073
147399
147721
148041
148359
148679
148973
149308
149625
149931
