947
1287
1631
1961
2282
2598
2908
3212
3512
3812
4115
4419
4721
5022
5321
5626
5932
6243
6551
6856
7158
7462
7766
8073
8384
8697
9012
9321
9636
9947
10256
10561
10863
11162
11455
11747
12034
12318
12602
12891
13185
13481
13775
14076
14379
14685
15000
15319
15635
15952
16267
16583
16904
17227
17552
17875
18194
18505
18811
19121
19431
19741
20053
20366
20677
20986
21292
21602
21911
22215
22517
22817
23115
23416
23718
24022
24329
24633
24937
25240
25542
25844
26142
26439
26731
27023
27315
27607
27903
28202
28507
28813
29118
29421
29724
30028
30334
30643
30955
31271
31581
31885
32188
32490
32795
33102
33412
33724
34041
34350
34657
34964
35270
35582
35897
36208
36515
36821
37126
37430
37736
38044
38352
38660
38968
39276
39579
39880
40182
40486
40797
41111
41427
41739
42048
42351
42647
42941
43228
43513
43792
44076
44360
44642
44927
45211
45496
45779
46063
46348
46641
46938
47249
47569
47896
48222
48538
48852
49172
49499
49822
50148
50471
50786
51099
51415
51736
52055
52381
52715
53046
53368
53682
53995
54312
54631
54954
55276
55593
55903
56208
56511
56817
57131
57448
57766
58076
58385
58689
58992
59296
59602
59911
60227
60542
60859
61175
61489
61802
62109
62407
62701
62993
63286
63584
63888
64193
64497
64804
65113
65420
65719
66020
66319
66620
66923
67229
67529
67828
68126
68427
68730
69032
69338
69647
69946
70245
70538
70818
71120
71429
71743
72058
72377
72690
72997
73308
73621
73931
74239
74545
74856
75170
75495
75823
76153
76486
76822
77159
77485
77804
78118
78447
78760
79074
79388
79706
80015
80319
80623
80929
81234
81543
81855
82164
82469
82773
83080
83391
83704
84016
84334
84650
84958
85261
85563
85864
86166
86470
86772
87077
87367
87649
87937
88231
88524
88816
89108
89399
89692
89981
90264
90543
90825
91097
91369
91638
91902
92164
92427
92686
92944
93201
93461
93722
93984
94246
94514
94783
95059
95342
95629
95918
96208
96499
96793
97088
97379
97672
97965
98259
98555
98849
99145
99444
99741
100040
100345
100661
100977
101296
101611
101926
102238
102549
102861
103172
103474
103773
104068
104365
104662
104961
105258
105558
105854
106146
106436
106725
107014
107305
107598
107895
108195
108496
108793
109090
109387
109683
109974
110263
110551
110838
111126
111418
111711
112003
112297
112588
112877
113169
113460
113751
114044
114342
114633
114925
115211
115502
115793
116086
116381
116676
116974
117273
117574
117870
118164
118456
118751
119041
119331
119615
119903
120188
120469
120744
121020
121294
121564
121830
122094
122348
122606
122865
123121
123377
123635
123894
124157
124420
124687
124956
125228
125507
125796
126077
126358
126639
126922
127208
127497
127786
128076
128368
128656
128947
129239
129535
129830
130123
130411
130697
130981
131262
131541
131817
132089
132361
132630
132898
133167
133439
133710
133985
134263
134541
134821
135103
135386
135670
135955
136242
136533
136831
137140
137416
137709
137996
138282
138568
138850
139135
139419
139699
139984
140273
140562
140849
141137
141426
141714
142001
142291
142580
142865
143140
143418
143695
143989
144299
144614
144927
145242
145562
145879
146196
146509
146812
147112
147411
147712
148015
148314
148608
148901
149194
149491
149790
