1016
1605
2151
2620
3167
3697
4158
4705
5226
5670
6218
6745
7207
7713
8243
8722
9265
9803
10282
10813
11351
11771
12208
12713
13158
13653
14216
14695
15233
15736
16182
16747
17275
17764
18299
18837
19325
19823
20333
20805
21357
21895
22352
22906
23475
23963
24544
25081
25546
26150
26681
27167
27765
28319
28804
29368
29907
30344
30723
31141
31741
32293
32789
33346
33859
34381
34978
35533
36138
36700
37206
37794
38341
38847
39415
39949
40394
40905
41425
41872
42394
42922
43410
43972
44552
45074
45630
46156
46570
47072
47536
47955
48441
48962
49433
49912
50483
51028
51624
52203
52742
53315
53843
54306
54826
55347
55835
56449
57037
57635
58225
58744
59316
59870
60349
60871
61425
61923
62478
63049
63577
64147
64698
65142
65687
66225
66714
67126
67714
68202
68621
69152
69672
70127
70597
71119
71582
72059
72597
73098
73559
74087
74620
75114
75668
76173
76585
77073
77593
77999
78494
79046
79485
79963
80492
80938
81390
81904
82339
82837
83379
83825
84311
84823
85261
85714
86260
86681
87149
87663
88117
88570
89158
89686
90172
90708
91214
91626
92096
92634
93104
93624
94160
94683
95269
95793
96328
96842
97253
97666
98203
98641
99176
99709
100203
100758
101311
101827
102397
102921
103375
103922
104450
104955
105509
106082
106611
107141
107661
108116
108680
109183
109707
110276
110748
111295
111824
112312
112893
113414
113874
114414
114901
115338
115869
116371
116792
117297
117791
118238
118785
119306
119769
120306
120819
121274
121820
122339
122793
123283
123795
124232
124696
125183
125621
126124
126622
127107
127613
128141
128624
129144
129680
130136
130540
131017
131520
131990
132444
132933
133430
133909
134419
134959
135513
135998
136477
136966
137436
137931
138459
138963
139460
139996
140502
140971
141483
141995
142475
142988
143501
143972
144468
144987
145466
145970
146494
147048
147534
147997
148502
149000
149462
