6966
7690
9161
10177
11204
11667
12633
13088
14105
14550
15096
15542
16064
16566
17054
17566
18046
18524
19053
19499
19943
20490
20951
21455
21926
22396
22900
23337
23825
24321
24765
25245
25699
26110
26538
27017
27437
27917
28395
28841
29377
29849
30310
30763
31542
32215
37387
41003
41195
42474
46553
47588
48862
49991
51183
51476
53015
53441
54044
54501
54972
55536
56022
56487
57089
58117
58341
58681
59258
59480
60017
60351
60739
61228
61814
62268
62808
63302
63806
64372
64868
65422
65934
66456
67015
67394
71582
74036
75800
76249
80384
80485
81048
81562
81763
81797
81864
82326
82771
83402
84033
84621
84781
84872
85292
85377
86056
86544
86737
86796
87274
87813
88401
88863
89503
90032
90368
91143
91402
91437
91847
92166
92671
93159
93697
94243
94453
94503
95261
95714
95983
96714
96950
97705
97967
98463
98698
99193
99573
100161
100681
101178
101674
102077
102463
103034
103447
103876
104422
105078
105338
105860
106559
107087
107574
107961
108641
109137
109626
110138
110617
110793
110971
111364
111920
112381
113013
113641
114132
114634
115131
115643
116122
116668
117324
117961
118357
118810
119331
119827
120355
120877
121357
121996
122450
122937
123435
123903
124476
124719
125172
125618
125887
126342
126828
127122
127500
128139
128711
129208
129652
129913
129988
130400
130905
131374
131879
132341
132829
133399
133938
134132
134216
134603
135124
135762
136216
136670
137115
137662
138099
138646
139150
139780
140216
140763
141260
141738
142252
142713
143235
143698
144168
144556
145009
145059
145681
145884
146465
146969
147582
147658
147717
147893
148263
148809
149263
149373
149474
149541
149642
149819
