7690
9161
11667
13088
14550
15096
15542
16064
16566
17054
17566
18046
18524
19053
19499
19943
20490
20951
21455
21926
22396
22900
23337
23825
24321
24765
25245
25699
26110
26538
27017
27437
27917
28395
28841
29377
29849
30310
30763
31542
32215
37387
41003
41195
42474
46553
48862
51476
53015
53441
54044
54501
54972
55536
56022
56487
57089
58117
58341
58681
59258
59480
60017
60351
60739
61228
61814
62268
62808
63302
63806
64372
64868
65422
65935
66457
67016
67395
71583
74037
75801
76250
80385
80486
81049
81563
81764
81798
81865
82327
82772
83403
84034
84622
84782
84873
85293
85378
86057
86545
