760
1148
1547
1949
2331
2718
3116
3515
3889
4253
4639
5050
5452
5829
6215
6615
6994
7370
7756
8161
8546
8920
9316
9703
10102
10462
10828
11223
11628
12021
12390
12759
13145
13545
13932
14305
14693
15101
15504
15873
16257
16653
17038
17407
17786
18180
18572
18947
19317
19693
20082
20456
20824
21205
21612
21989
22374
22747
23133
23529
23897
24267
24653
25051
25429
25813
26214
26621
27001
27388
27785
28164
28536
28922
29331
29722
30096
30482
30878
31279
31653
32028
32418
32825
33204
33583
33974
34374
34768
35140
35517
35910
36308
36686
37047
37420
37807
38185
38549
38929
39327
39738
40117
40489
40884
41284
41677
42050
42430
42822
43219
43595
43954
44316
44701
45102
45478
45844
46221
46618
47017
47386
47755
48138
48532
48929
49310
49685
50076
50483
50869
51241
51631
52037
52445
52821
53193
53570
53962
54360
54735
55108
55498
55905
56292
56658
57040
57430
57828
58196
58559
58934
59309
59679
60035
60402
60792
61203
61592
61973
62371
62773
63156
63499
63859
64209
64576
64943
65322
65686
66036
66394
66768
67163
67527
67888
68263
68650
69051
69422
69812
70197
70592
70981
71367
71729
72074
72433
72804
73189
73565
73931
74308
74720
75131
75517
75890
76279
76676
77065
77427
77765
78086
78420
78777
79149
79526
79895
80256
80605
80969
81345
81733
82108
82475
82849
83232
83602
83980
84356
84725
85088
85458
85811
86169
86543
86930
87322
87693
88063
88440
88824
89205
89571
89940
90325
90706
91071
91441
91818
92204
92568
92935
93315
93700
94061
94418
94782
95153
95514
95859
96202
96529
96858
97204
97558
97900
98249
98611
98987
99356
99703
100050
100409
100777
101158
101520
101878
102250
102627
103009
103366
103735
104121
104521
104904
105273
105659
106050
106433
106792
107149
107517
107906
108292
108658
109032
109423
109833
110227
110598
110981
111372
111779
112159
112511
112866
113232
113619
114021
114399
114773
115162
115542
115928
116313
116672
117031
117406
117789
118152
118509
118938
119274
119661
120024
120398
120784
121167
121527
121895
122287
122674
123038
123401
123781
124172
124538
124893
125258
125642
126033
126413
126780
127163
127553
127925
128302
128688
129079
129453
129821
130200
130596
130984
131349
131728
132127
132531
132920
133290
133669
134070
134493
134899
135283
135647
136030
136396
136753
137093
137438
137809
138215
138625
139011
139382
139779
140182
140585
140971
141358
141760
142161
142532
142902
143292
143685
144062
144421
144803
145196
145587
145957
146342
146743
147140
147516
147888
148265
148661
149033
149387
149761
