1017
1394
1780
2148
2504
2865
3245
3632
4005
4353
4719
5106
5512
5923
6327
6704
7070
7449
7846
8255
8674
9057
9427
9808
10207
10618
11020
11401
11780
12178
12597
13007
13391
13756
14139
14532
14928
15296
15663
16050
16454
16848
17215
17575
17952
18343
18737
19108
19474
19848
20239
20620
20981
21341
21718
22117
22512
22887
23264
23656
24054
24429
24784
25157
25552
25957
26346
26729
27135
27551
27945
28318
28696
29082
29464
29830
30188
30564
30956
31339
31703
32073
32455
32831
33187
33537
33896
34256
34609
34966
35300
35663
36038
36394
36746
37103
37463
37825
38177
38518
38862
39209
39559
39892
40231
40566
40895
41208
41517
41831
42141
42449
42757
43074
43404
43730
44047
44361
44686
45023
45360
45683
45992
46307
46628
46955
47279
47597
47918
48249
48593
48941
49278
49603
49928
50263
50603
50943
51272
51598
51934
52278
52628
52969
53304
53651
54015
54384
54753
55094
55432
55775
56126
56481
56823
57157
57503
57865
58234
58596
58946
59292
59640
59993
60334
60666
61009
61366
61734
62081
62424
62780
63146
63507
63855
64208
64574
64944
65301
65643
65989
66341
66700
67045
67384
67736
68104
68465
68805
69138
69481
69829
70177
70509
70822
71125
71425
71728
72047
72385
72733
73103
73485
73861
74219
74583
74963
75350
75745
76143
76519
76881
77249
77622
78003
78400
78783
79157
79547
79952
80352
80746
81117
81476
81845
82229
82623
83003
83372
83760
84152
84552
84924
85282
85654
86033
86418
86790
87158
87542
87943
88335
88709
89099
89502
89910
90296
90669
91049
91425
91798
92157
92518
92888
93261
93624
93975
94337
94711
95093
95454
95815
96192
96571
96937
97288
97650
98026
98413
98784
99158
99552
99953
100344
100711
101092
101481
101876
102250
102623
103009
103415
103807
104184
104577
104982
105386
105768
106151
106544
106952
107341
107716
108102
108499
108881
109251
109633
110029
110409
110768
111145
111531
111907
112261
112622
112991
113365
113723
114061
114414
114785
115161
115512
115837
116165
116504
116853
117197
117538
117861
118184
118516
118862
119201
119533
119872
120215
120561
120911
121244
121575
121911
122257
122612
122955
123287
123628
123979
124347
124703
125045
125388
125737
126096
126459
126804
127142
127492
127851
128208
128556
128903
129260
129630
129994
130341
130688
131042
131400
131748
132081
132424
132776
133133
133483
133823
134172
134527
134880
135219
135549
135886
136224
136566
136890
137210
137540
137887
138237
138572
138910
139258
139616
139969
140307
140647
140993
141341
141675
142000
142332
142677
143030
143373
143705
144047
144398
144755
145097
145428
145772
146121
146474
146810
147138
147474
147824
148177
148517
148851
149199
149552
149903
