376
880
1367
1854
2351
2853
3350
3828
4314
4794
5289
5784
6263
6733
7197
7683
8161
8624
9077
9523
9976
10439
10910
11387
11842
12303
12750
13203
13664
14133
14589
15039
15478
15923
16383
16838
17290
17734
18172
18618
19071
19507
19935
20364
20801
21246
21700
22135
22564
23001
23463
23932
24387
24825
25267
25704
26141
26578
27007
27435
27871
28309
28761
29208
29645
30081
30518
30962
31409
31862
32299
32733
33171
33624
34077
34513
34952
35395
35857
36311
36754
37183
37622
38065
38517
38964
39400
39836
40274
40727
41205
41682
42136
42582
43027
43481
43958
44419
44873
45320
45770
46224
46687
47149
47601
48047
48500
48953
49413
49867
50312
50750
51194
51648
52117
52604
53066
53526
53989
54459
54929
55381
55825
56272
56725
57178
57632
58070
58506
58949
59388
59849
60310
60745
61175
61604
62039
62483
62928
63350
63778
64212
64651
65112
65588
66049
66504
66965
67434
67889
68333
68762
69199
69635
70079
70517
70952
71381
71826
72270
72698
73119
73547
73976
74404
74823
75242
75654
76074
76494
76914
77333
77745
78156
78559
78970
79381
79786
80196
80599
81002
81406
81816
82220
82640
83051
83455
83865
84277
84682
85099
85511
85923
86342
86754
87173
87578
87987
88393
88802
89222
89633
90043
90455
90875
91296
91724
92144
92563
92983
93411
93839
94260
94681
95099
95511
95931
96359
96777
97190
97617
98046
98474
98893
99307
99733
100154
100582
100995
101413
101834
102261
102690
103126
103557
104002
104470
104942
105410
105864
106318
106778
107232
107668
108097
108519
108946
109382
109819
110255
110676
111096
111522
111944
112372
112791
113210
113624
114043
114462
114884
115318
115747
116176
116603
117023
117442
117855
118275
118695
119115
119527
119945
120355
120775
121195
121623
122036
122448
122859
123278
123690
124102
124512
124923
125336
125763
126190
126618
127032
127451
127871
128300
128726
129163
129583
130003
130431
130859
131296
131742
132187
132633
133084
133547
134017
134480
134931
135377
135823
136270
136738
137225
137713
138190
138651
139088
139502
139920
140349
140779
141214
141650
142089
142550
143020
143482
143934
144373
144816
145247
145691
146144
146598
147069
147546
148009
148462
148916
149369
149842
