309
746
1183
1629
2082
2552
3005
3452
3896
4348
4811
5283
5752
6213
6674
7129
7602
8105
8627
9131
9634
10113
10576
11029
11482
11929
12383
12845
13298
13736
14175
14610
15041
15471
15904
16336
16773
17216
17665
18100
18506
18908
19304
19708
20133
20555
20993
21437
21883
22317
22740
23168
23594
24023
24454
24882
25315
25727
26139
26559
26979
27407
27869
28330
28777
29219
29649
30085
30522
30966
31405
31849
32285
32714
33150
33589
34043
34506
34966
35418
35870
36331
36816
37306
37775
38244
38709
39196
39675
40147
40617
41081
41550
42030
42515
42980
43451
43918
44382
44861
45347
45809
46265
46719
47170
47618
48072
48548
49020
49496
49944
50387
50825
51263
51708
52153
52621
53118
53632
54124
54612
55100
55612
56124
56607
57072
57526
57974
58420
58873
59335
59797
60261
60715
61167
61620
62074
62536
63018
63513
63984
64440
64906
65354
65792
66236
66683
67145
67605
68043
68480
68917
69348
69782
70213
70657
71093
71516
71949
72373
72802
73229
73664
74093
74514
74926
75344
75764
76186
76614
77049
77470
77897
78325
78753
79190
79638
80090
80519
80949
81386
81831
82276
82720
83151
83586
84023
84460
84890
85318
85748
86168
86588
87009
87430
87857
88297
88740
89170
89597
90026
90454
90886
91315
91735
92172
92610
93072
93526
94006
94484
94948
95401
95856
96308
96761
97208
97669
98123
98569
99007
99445
99896
100342
100796
101257
101719
102191
102663
103131
103578
104028
104477
104927
105373
105820
106271
106732
107193
107656
108118
108583
109042
109495
109944
110393
110840
111294
111747
112218
112695
113166
113641
114113
114568
115028
115482
115930
116389
116853
117314
117759
118213
118664
119112
119564
120011
120453
120885
121320
121751
122185
122622
123058
123504
123968
124461
124920
125395
125866
126345
126820
127280
127740
128196
128666
129143
129606
130067
130506
130943
131386
131824
132262
132699
133128
133562
134000
134445
134890
135329
135772
136218
136681
137152
137627
138083
138528
138966
139403
139840
140286
140740
141182
141622
142066
142521
142984
143445
143890
144328
144771
145216
145662
146109
146552
146982
147427
147865
148309
148754
149192
149619
