50
482
903
1338
1775
2201
2629
3066
3488
3891
4297
4703
5103
5518
5951
6382
6827
7283
7730
8167
8614
9068
9509
9939
10387
10848
11302
11764
12238
12722
13185
13641
14100
14554
14992
15434
15892
16341
16778
17236
17677
18100
18541
18998
19440
19895
20360
20810
21259
21707
22139
22565
22994
23405
23815
24235
24649
25055
25479
25911
26333
26773
27218
27644
28069
28499
28912
29330
29758
30174
30595
31031
31458
31873
32308
32749
33184
33611
34045
34487
34919
35360
35805
36239
36675
37121
37560
37987
38433
38878
39315
39752
40208
40670
41117
41569
42029
42493
42933
43388
43851
44319
44767
45224
45684
46133
46592
47062
47534
47986
48452
48920
49387
49842
50305
50770
51222
51678
52153
52626
53081
53544
54013
54475
54922
55383
55847
56299
56754
57216
57680
58125
58581
59043
59491
59941
60397
60849
61280
61728
62174
62617
63039
63474
63911
64339
64759
65197
65640
66064
66505
66948
67376
67817
68256
68677
69097
69524
69937
70352
70786
71201
71626
72064
72484
72911
73343
73769
74193
74630
75051
75484
75930
76374
76811
77262
77714
78154
78598
79052
79499
79935
80389
80844
81289
81737
82199
82651
83091
83539
83965
84384
84840
85250
85671
86092
86524
86966
87379
87792
88210
88632
89051
89464
89892
90329
90755
91177
91606
92036
92445
92858
93285
93712
94126
94521
94907
95310
95740
96191
96646
97102
97557
98002
98439
98886
99332
99768
100211
100661
101114
101552
101997
102449
102895
103325
103755
104197
104643
105075
105512
105955
106392
106808
107234
107664
108093
108512
108935
109361
109784
110197
110621
111045
111474
111890
112303
112724
113144
113549
113968
114396
114818
115239
115675
116105
116540
116953
117367
117778
118181
118610
119031
119433
119845
120259
120695
121134
121560
121997
122436
122865
123287
123717
124144
124565
125001
125437
125858
126286
126717
127144
127590
128019
128430
128860
129303
129751
130179
130602
131036
131456
131902
132297
132718
133163
133593
134012
134444
134879
135320
135756
136184
136622
137068
137515
137943
138387
138840
139294
139734
140179
140622
141048
141491
141952
142399
142842
143299
143761
144223
144670
145130
145594
146050
146511
146981
147451
147899
148352
148807
149258
149698
