4078
5810
6264
6701
7147
7576
8047
8493
8930
9392
9814
10300
10755
11174
11678
12150
12604
13049
13512
13965
14427
14864
15311
15764
16209
16647
17101
17563
18010
18464
18918
19338
19776
20229
20683
21120
21575
22037
22491
22946
23374
23878
24349
24786
25291
25728
26199
26678
27158
27644
28149
28621
29083
29554
30016
30478
30941
31412
31874
32337
32790
33253
33715
34186
34640
35069
35523
36011
36498
36977
37499
37961
38432
38877
39331
39785
40223
40676
41139
41584
42022
42459
42913
43358
43804
44241
44696
45149
45587
46024
46461
46890
47335
47748
48185
48631
49076
49513
49967
50411
50858
51295
51707
52118
52539
52985
53447
53892
54355
54816
55288
55742
56212
56649
57120
57591
58062
58550
59054
59516
59996
60316
60711
61325
61838
62300
62755
63208
63663
64159
64478
64899
65562
66059
66563
67084
67563
68043
68488
68850
69254
69876
70380
70851
71305
71767
72238
72710
73189
73677
74097
74594
75064
75536
76023
76544
76974
77453
77957
78420
78915
79396
79874
80371
80833
81313
81776
82254
82725
83188
83658
84130
84600
85030
85458
85854
86299
86753
87225
87696
88184
88671
89142
89580
90034
90513
90994
91472
91944
92440
92910
93373
93828
94291
94752
95206
95668
96106
96585
97022
97484
97963
98468
98938
99417
99888
100333
100837
101258
101754
102208
102644
103073
103527
103972
104434
104897
105368
105838
106309
106738
107192
107672
108135
108631
109077
109531
109985
110431
110861
111314
111769
112215
112668
113131
113577
114031
114503
114939
115436
115906
116369
116831
117294
117765
118219
118689
119153
119623
120078
120547
121010
121465
121927
122405
122860
123338
123801
124255
124767
125239
125718
126180
126651
127121
127449
127903
128474
128911
129348
129785
130231
130685
131154
131616
132096
132533
133003
133500
133937
134450
134912
135374
135829
136283
136737
137199
137654
138123
138578
139049
139496
139966
140429
140883
141329
141783
142211
142641
143111
143582
144044
144516
145003
145482
145970
146406
146902
147390
147861
148374
148845
149307
149761
