371
865
1337
1800
2321
2798
3262
3749
4211
4648
5168
5631
6051
6529
6992
7399
7868
8340
8744
9204
9701
10111
10525
11069
11527
11970
12466
12896
13315
13805
14256
14693
15191
15636
16062
16526
16941
17369
17872
18292
18687
19126
19552
19946
20410
20854
21260
21705
22135
22528
22997
23434
23846
24303
24747
25140
25571
26006
26393
26822
27327
27755
28193
28704
29140
29568
30088
30541
30952
31439
31909
32322
32794
33272
33692
34154
34650
35069
35497
35967
36377
36782
37269
37715
38144
38648
39102
39531
40076
40529
40958
41431
41864
42277
42766
43210
43632
44109
44549
44966
45412
45856
46251
46662
47107
47503
47899
48375
48808
49235
49713
50142
50553
51015
51472
51880
52286
52739
53141
53564
54067
54504
54951
55480
55933
56378
56894
57335
57774
58283
58713
59111
59579
60041
60446
60891
61414
61876
62320
62817
63247
63673
64119
64538
64934
65395
65848
66259
66689
67142
67547
67949
68381
68783
69161
69570
70017
70419
70806
71259
71679
72068
72496
72960
73369
73773
74256
74704
75107
75566
76090
76543
76997
77475
77904
78332
78834
79280
79691
80152
80629
81043
81489
81981
82406
82826
83304
83753
84158
84588
85049
85455
85875
86384
86815
87250
87775
88233
88664
89153
89601
90015
90477
90923
91342
91761
92233
92660
93065
93510
93939
94338
94778
95204
95598
96036
96478
96876
97281
97732
98167
98554
98958
99419
99832
100215
100634
101048
101436
101868
102333
102750
103179
103625
104039
104431
104897
105330
105717
106128
106617
107037
107432
107919
108383
108787
109223
109669
110080
110500
110957
111364
111760
112249
112717
113139
113602
114048
114459
114931
115443
115879
116317
116786
117193
117603
118073
118504
118905
119362
119805
120199
120630
121107
121521
121933
122378
122781
123168
123604
124042
124443
124896
125384
125811
126214
126643
127064
127451
127844
128282
128701
129089
129558
130051
130489
130929
131443
131883
132311
132797
133261
133683
134170
134655
135084
135528
136020
136451
136890
137393
137846
138274
138800
139259
139674
140149
140609
141014
141443
141879
142290
142719
143190
143612
144014
144539
145021
145442
145877
146315
146709
147128
147588
148004
148405
148852
149293
149692
