1055
1514
1928
2356
2806
3206
3623
4087
4527
4924
5375
5865
6289
6672
7104
7585
8027
8437
8936
9388
9794
10262
10728
11144
11565
12063
12500
12902
13363
13833
14237
14652
15118
15539
15928
16396
16846
17242
17646
18091
18505
18900
19359
19820
20233
20655
21148
21595
22014
22501
22988
23416
23880
24358
24786
25208
25685
26120
26520
26978
27438
27854
28419
28818
29252
29704
30197
30640
31086
31578
32023
32427
32866
33324
33737
34166
34635
35055
35493
35989
36435
36843
37263
37696
38091
38485
38959
39411
39834
40303
40755
41169
41602
42061
42479
42880
43361
43831
44260
44735
45167
45565
45964
46399
46830
47226
47660
48116
48534
48981
49445
49863
50316
50814
51232
51642
52071
52485
52875
53329
53778
54194
54659
55123
55525
55919
56355
56776
57157
57541
58003
58416
58796
59241
59700
60102
60524
61008
61427
61835
62288
62717
63111
63548
63978
64371
64796
65254
65677
66093
66559
66983
67402
67862
68293
68694
69129
69564
69959
70370
70825
71237
71624
72085
72525
72925
73347
73804
74211
74598
75054
75490
75887
76325
76773
77179
77601
78088
78526
78927
79373
79834
80255
80739
81242
81673
82120
82607
83043
83523
84026
84481
84919
85426
85860
86278
86734
87172
87575
88029
88482
88902
89378
89875
90313
90767
91232
91648
92062
92499
92921
93314
93800
94249
94659
95104
95566
95970
96408
96888
97316
97726
98207
98652
99049
99490
99942
100356
100772
101248
101677
102152
102622
103039
103433
103895
104324
104725
105186
105651
106070
106516
106982
107403
107831
108349
108807
109228
109674
110123
110529
110999
111467
111882
112334
112797
113206
113633
114103
114525
114943
115411
115838
116255
116732
117183
117588
118031
118472
118865
119303
119758
120167
120564
121043
121480
121883
122349
122808
123221
123671
124114
124512
124933
125394
125805
126193
126645
127079
127495
127974
128423
128834
129262
129721
130133
130539
130991
131437
131864
132352
132840
133274
133737
134226
134676
135106
135605
136073
136491
136962
137402
137817
138267
138745
139165
139584
140057
140482
140897
141381
141819
142221
142700
143145
143539
143960
144417
144825
145230
145700
146144
146556
147011
147463
147886
148363
148821
149234
149708
