308
716
1115
1519
1939
2360
2795
3214
3615
4020
4435
4848
5262
5666
6070
6489
6925
7355
7770
8170
8576
8998
9422
9845
10258
10661
11074
11501
11922
12342
12749
13155
13577
14011
14440
14851
15248
15659
16082
16518
16933
17343
17764
18195
18627
19051
19460
19884
20320
20764
21185
21588
22008
22433
22860
23273
23698
24129
24542
24942
25362
25781
26195
26591
27004
27417
27816
28208
28616
29036
29446
29844
30266
30695
31115
31529
31964
32390
32808
33200
33599
34007
34417
34813
35217
35633
36051
36456
36868
37292
37728
38143
38556
38976
39395
39791
40193
40612
41041
41455
41868
42300
42741
43160
43581
44025
44471
44893
45312
45749
46192
46616
47037
47486
47937
48358
48776
49199
49633
50061
50463
50879
51312
51744
52154
52573
53019
53466
53881
54292
54711
55137
55551
55949
56360
56782
57207
57615
58023
58447
58879
59303
59711
60138
60576
61011
61415
61830
62256
62692
63113
63542
63996
64441
64859
65265
65676
66098
66512
66922
67359
67805
68242
68653
69082
69521
69963
70375
70777
71190
71610
72022
72424
72825
73244
73673
74098
74501
74929
75378
75806
76217
76640
77071
77513
77932
78342
78758
79179
79580
79972
80382
80808
81230
81636
82045
82464
82882
83275
83666
84064
84466
84857
85241
85627
86023
86429
86835
87225
87625
88042
88462
88863
89255
89656
90060
90467
90861
91263
91676
92108
92526
92931
93349
93778
94205
94616
95025
95454
95899
96332
96770
97224
97682
98109
98547
99008
99454
99881
100329
100774
101207
101617
102059
102519
102961
103406
103863
104306
104719
105140
105574
105983
106395
106818
107244
107651
108046
108452
108869
109270
109667
110078
110494
110897
111290
111699
112119
112527
112925
113331
113760
114177
114572
114978
115383
115791
116182
116568
116961
117364
117767
118153
118546
118944
119350
119748
120138
120541
120952
121363
121756
122149
122550
122950
123341
123718
124100
124487
124873
125252
125624
126021
126432
126840
127241
127649
128061
128463
128867
129277
129688
130097
130493
130899
131309
131702
132089
132493
132915
133317
133710
134109
134517
134916
135304
135699
136105
136517
136918
137313
137724
138141
138541
138930
139349
139771
140202
140620
141029
141442
141858
142265
142669
143083
143505
143912
144317
144740
145172
145583
145990
146409
146827
147228
147632
148050
148477
148893
149300
149726
