726
1115
1563
1945
2350
2712
3070
3458
3850
4273
4646
5027
5416
5791
6268
6613
7005
7371
7767
8059
8558
8965
9401
9783
10150
10534
10941
11361
11757
12152
12533
12939
13373
13847
14179
14548
14928
17384
20121
20253
25664
26393
26487
28028
28768
30181
31302
32634
32747
32866
34371
35159
35967
36428
38343
40327
41252
42475
42552
43779
44819
45417
46448
46553
47273
48012
48820
51205
53977
54349
57567
60004
62041
64089
68443
68841
69645
70044
70453
70878
71258
71658
72066
72473
72897
73304
73702
74090
74508
74972
75304
75712
76123
76557
76956
77364
77774
78197
78632
79040
79448
79839
80253
80670
81093
81514
81923
82306
82737
83151
83549
83854
84303
84815
85230
85640
86103
86447
86933
87333
87743
88201
88615
89039
89420
89819
90226
90598
91076
91472
91893
92293
92715
93178
93600
93997
94395
94818
95242
95666
96088
96472
96869
97292
97731
98164
98576
99001
99382
99805
100229
100651
101064
101449
101843
102255
102665
103076
103510
103920
104319
104692
105087
105522
105827
106328
106727
107192
107587
108039
108460
108862
109284
109721
110146
110579
110962
111374
111798
112209
112618
113003
113403
113800
114222
114621
115041
115427
115825
116249
116686
117109
117506
117904
118315
118790
119136
119533
119931
120340
120777
121136
121615
122035
122435
122854
123294
123705
124089
124487
124899
125333
125748
126195
126604
126990
127414
127813
128222
128620
129016
129387
129786
130197
130621
131044
131428
131825
132236
132635
133058
133448
133839
134237
134638
135048
135443
135838
136224
136625
137019
137417
137804
138200
138585
138972
139381
139791
140152
140535
140893
141303
141704
142110
142481
142856
143262
143678
144087
144512
144883
145281
145677
146090
146500
146886
147283
147681
148093
148504
148902
149287
149685
