933
1251
1555
1856
2150
2454
2764
3075
3393
3713
4023
4351
4671
5008
5327
5646
5958
6260
6554
6856
7151
7445
7740
8040
8344
8656
8975
9302
9630
9957
10310
10655
10976
11352
11723
12101
12463
12815
13160
13497
13842
14178
14505
14841
15169
15505
15840
16161
16497
16841
17185
17522
17859
18203
18540
18875
19203
19531
19867
20195
20523
20851
21205
21556
21886
22221
22550
22877
23205
23525
23852
24171
24492
24811
25130
25448
25769
26089
26408
26727
27047
27365
27678
27988
28299
28611
28930
29241
29545
29856
30157
30460
30755
31058
31384
31713
32041
32359
32663
32981
33300
33619
33939
34258
34569
34889
35209
35528
35847
36166
36494
36821
37148
37468
37804
38132
38459
38779
39106
39441
39769
40098
40417
40752
41080
41407
41735
42062
42390
42716
43028
43355
43683
44003
44338
44656
44985
45313
45648
45976
46304
46632
46960
47287
47614
47950
48278
48606
48933
49260
49613
49959
50294
50622
50965
51301
51628
51948
52268
52596
52923
53242
53554
53881
54208
54527
54839
55149
55460
55780
56107
56428
56747
57064
57377
57695
58015
58334
58646
58964
59276
59587
59915
60234
60553
60866
61184
61511
61832
62159
62478
62807
63141
63462
63798
64125
64461
64798
65124
65445
65756
66075
66402
66721
67041
67359
67679
67999
68319
68644
68964
69284
69604
69931
70250
70577
70904
71223
71536
71862
72188
72517
72828
73131
73442
73743
74045
74356
74675
75003
75346
75675
76010
76362
76717
77095
77455
77817
78187
78564
78927
79296
79675
80061
80498
80891
81271
81650
82003
82364
82726
83094
83457
83818
84179
84532
84887
85248
85600
85953
86306
86651
86996
87341
87702
88046
88375
88711
89048
89400
89745
90090
90435
90788
91148
91509
91854
92199
92544
92904
93249
93593
93938
94291
94644
94997
95350
95754
96139
96501
96862
97233
97602
97963
98325
98703
99064
99418
99779
100140
100501
100847
101207
101569
101938
102292
102661
103031
103400
103762
104122
104484
104837
105198
105560
105920
106273
106628
106997
107358
107710
108063
108425
108786
109147
109509
109887
110265
110634
111004
111383
111754
112122
112493
112871
113249
113611
113997
114367
114728
115099
115478
115855
116216
116595
116974
117335
117696
118074
118444
118838
119225
119604
119983
120343
120705
121076
121444
121806
122168
122546
122932
123302
123680
124058
124429
124797
125159
125538
125907
126268
126629
126992
127345
127697
128059
128421
128782
129135
129496
129859
130211
130556
130892
131235
131623
132010
132395
132748
133094
133447
133807
134153
134514
134875
135229
135582
135944
136315
136683
137036
137398
137784
138120
138457
138793
139129
139491
139852
140214
140567
140902
141239
141592
141962
142341
142735
143137
143517
143904
144298
144685
145064
145442
145819
146189
146560
146937
147299
147661
148029
148383
148726
149056
149400
149752
