126
428
746
1066
1385
1687
1990
2293
2611
2914
3209
3510
3838
4166
4485
4796
5108
5426
5746
6056
6359
6670
6981
7292
7604
7906
8225
8545
8864
9167
9487
9805
10117
10420
10739
11067
11377
11698
12016
12337
12673
12975
13295
13647
13958
14294
14631
14983
15312
15639
15976
16320
16648
16976
17304
17631
17951
18270
18598
18943
19278
19597
19925
20261
20590
20899
21219
21555
21891
22211
22523
22850
23186
23530
23866
24177
24521
24848
25177
25504
25832
26160
26486
26790
27100
27411
27705
28000
28303
28588
28890
29193
29513
29822
30125
30436
30763
31083
31386
31704
32033
32368
32696
33016
33344
33688
34016
34343
34672
35017
35352
35680
36017
36361
36680
37000
37336
37656
37974
38277
38588
38916
39270
39614
39950
40278
40605
40916
41235
41565
41900
42236
42582
42952
43312
43673
44036
44414
44767
45127
45481
45834
46171
46524
46884
47238
47573
47918
48272
48617
48978
49322
49676
50029
50366
50702
51030
51342
51668
52005
52359
52702
53056
53418
53754
54098
54459
54789
55124
55477
55815
56141
56471
56823
57143
57470
57807
58142
58462
58781
59117
59445
59748
60059
60387
60706
61009
61302
61605
61923
62234
62563
62880
63183
63494
63797
64115
64434
64761
65071
65382
65700
66028
66372
66699
67026
67355
67706
68035
68361
68722
69067
69403
69722
70041
70369
70687
70999
71310
71637
71965
72292
72603
72931
73275
73628
73987
74333
74678
75013
75349
75685
76022
76358
76685
77012
77341
77685
78021
78340
78709
79063
79407
79743
80088
80449
80769
81105
81433
81761
82088
82425
82770
83090
83476
83762
84099
84427
84829
85148
85461
85788
86134
86470
86797
87133
87461
87789
88125
88444
88764
89083
89403
89714
90017
90327
90664
91008
91327
91638
91957
92277
92596
92915
93234
93562
93898
94217
94537
94872
95200
95518
95847
96183
96510
96813
97140
97476
97813
98141
98468
98796
99132
99451
99779
100106
100450
100761
101097
101426
101770
102089
102425
102736
103072
103384
103694
103997
104317
104644
104956
105274
105602
105939
106267
106579
106906
107242
107578
107897
108233
108578
108898
109234
109588
109924
110252
110588
110923
111244
111586
111933
112276
112612
113000
113361
113698
114041
114378
114705
115015
115319
115637
115991
116352
116697
117058
117420
117780
118133
118495
118882
119217
119562
119906
120250
120586
120914
121241
121594
121906
122232
122568
122913
123257
123577
123913
124264
124593
124920
125262
125615
125951
126278
126607
126951
127278
127597
127924
128252
128587
128906
129217
129537
129872
130199
130486
130805
131098
131400
131710
132022
132349
132684
133012
133331
133667
134012
134373
134718
135070
135432
135801
136161
136506
136860
137221
137582
137959
138312
138657
139043
139421
139781
140135
140488
140841
141176
141514
141858
142193
142529
142873
143209
143538
143875
144226
144554
144891
145236
145562
145890
146219
146537
146866
147191
147503
147847
148150
148478
148797
149108
149436
149780
