954
1467
2008
2512
3042
3616
4156
4663
5226
5759
6236
6790
7342
7843
8370
8920
9416
9962
10499
10975
11508
12046
12523
13002
13541
14076
14599
15085
15615
16125
16613
17174
17711
18227
18710
19249
19782
20268
20794
21334
21857
22350
22889
23423
23906
24452
25002
25483
26019
26569
27058
27566
28096
28603
29065
29597
30114
30585
31110
31649
32159
32629
33170
33738
34229
34759
35309
35803
36329
36884
37423
37912
38475
39029
39505
40041
40592
41099
41630
42183
42682
43196
43730
44241
44688
45213
45765
46234
46752
47308
47807
48289
48827
49347
49812
50350
50902
51399
51940
52485
52967
53493
54042
54531
55056
55599
56106
56583
57127
57658
58144
58695
59238
59735
60272
60816
61290
61813
62370
62887
63351
63880
64436
64929
65421
65948
66464
66924
67440
67983
68497
68955
69491
70043
70569
71035
71568
72122
72657
73128
73648
74185
74703
75179
75746
76293
76790
77299
77857
78405
78919
79429
79969
80502
81011
81591
82143
82635
83151
83714
84250
84725
85240
85780
86305
86774
87297
87843
88391
88886
89414
89968
90490
90979
91509
92030
92516
93015
93560
94080
94548
95069
95585
96101
96579
97106
97623
98096
98620
99150
99658
100127
100639
101175
101639
102147
102652
103157
103660
104187
104681
105133
105633
106157
106657
107175
107716
108194
108684
109216
109748
110241
110753
111263
111713
112249
112799
113285
113809
114348
114870
115338
115853
116385
116890
117330
117811
118354
118892
119405
119863
120395
120956
121482
121956
122497
123043
123585
124063
124584
125127
125681
126161
126707
127280
127790
128288
128864
129408
129914
130419
130949
131466
131950
132484
132998
133463
133991
134530
135004
135523
136071
136561
137048
137552
138039
138511
139047
139538
139996
140521
141026
141510
142027
142520
142968
143486
144017
144476
144979
145508
145969
146486
147020
147525
148040
148576
149060
149557
