511
1050
1575
2079
2616
3172
3710
4245
4766
5289
5834
6395
6931
7447
8009
8560
9107
9605
10136
10693
11231
11767
12291
12795
13314
13855
14372
14867
15374
15916
16450
16960
17474
18031
18583
19095
19599
20136
20665
21180
21673
22206
22728
23231
23744
24281
24818
25338
25847
26369
26906
27451
27990
28502
29046
29603
30141
30680
31194
31707
32232
32775
33316
33827
34330
34852
35406
35954
36490
36975
37498
38070
38609
39129
39632
40184
40730
41267
41771
42293
42838
43382
43888
44374
44887
45430
45972
46509
47019
47540
48072
48601
49087
49591
50126
50664
51184
51712
52226
52751
53213
53687
54217
54732
55203
55691
56187
56651
57160
57667
58179
58697
59186
59662
60192
60730
61251
61750
62219
62737
63268
63781
64269
64737
65254
65678
66293
66788
67274
67786
68300
68821
69311
69789
70318
70836
71350
71867
72365
72898
73454
73994
74502
75017
75572
76119
76653
77147
77675
78211
78748
79265
79750
80271
80835
81389
81902
82403
82938
83472
84010
84536
85052
85604
86174
86727
87260
87762
88274
88805
89342
89869
90383
90884
91409
91955
92443
92944
93427
93923
94461
94992
95522
96003
96497
97027
97566
98092
98590
99120
99668
100215
100760
101266
101776
102319
102870
103425
103948
104467
105013
105572
106123
106646
107163
107715
108276
108833
109396
109956
110462
110993
111554
112105
112664
113170
113708
114273
114800
115351
115876
116424
116987
117558
118063
118564
119129
119724
120271
120789
121311
121870
122434
122989
123519
124074
124636
125205
125758
126307
126817
127345
127914
128484
129054
129610
130152
130710
131220
131716
132249
132792
133308
133795
134331
134877
135429
135920
136417
136943
137490
137990
138458
139007
139518
140062
140583
141052
141578
142125
142650
143188
143742
144302
144838
145343
145831
146389
146958
147449
148012
148574
149112
149602
