935
1347
1748
2135
2546
2966
3361
3747
4141
4561
4973
5367
5761
6181
6609
7012
7399
7793
8205
8624
9026
9405
9817
10253
10681
11076
11479
11907
12336
12730
13116
13510
13914
14300
14677
15072
15492
15896
16290
16659
17054
17441
17827
18188
18566
18952
19346
19716
20086
20473
20875
21253
21614
21983
22362
22740
23109
23461
23830
24217
24629
25006
25376
25770
26165
26559
26929
27315
27710
28112
28482
28852
29246
29641
30019
30396
30791
31195
31597
31974
32345
32739
33133
33511
33873
34258
34653
35041
35417
35804
36208
36619
36998
37367
37769
38165
38550
38912
39299
39701
40088
40465
40835
41231
41633
42029
42399
42784
43179
43566
43936
44305
44700
45113
45515
45892
46288
46724
47145
47564
47951
48362
48790
49210
49597
49992
50403
50831
51235
51629
52033
52452
52855
53234
53628
54039
54451
54837
55223
55627
56037
56417
56794
57180
57600
57994
58372
58767
59187
59607
60002
60387
60783
61210
61613
61999
62385
62797
63217
63620
64023
64426
64846
65283
65684
66096
66516
66936
67330
67717
68120
68532
68927
69304
69708
70120
70530
70917
71303
71699
72093
72462
72824
73218
73604
73982
74344
74729
75133
75543
75930
76324
76736
77139
77525
77928
78340
78759
79146
79550
79961
80373
80766
81162
81581
82000
82395
82782
83186
83588
83974
84360
84772
85183
85570
85965
86384
86804
87190
87584
87996
88415
88810
89189
89591
90002
90397
90783
91187
91623
92035
92421
92824
93252
93681
94084
94478
94905
95318
95721
96107
96510
96921
97325
97718
98105
98508
98929
99331
99717
100129
100548
100960
101346
101741
102152
102563
102950
103337
103756
104192
104604
104991
105401
105805
106217
106603
106998
107409
107803
108198
108568
108962
109365
109769
110162
110533
110911
111289
111658
112019
112389
112759
113170
113574
113960
114337
114724
115093
115438
115799
116159
116505
116866
117244
117621
117998
118352
118728
119107
119485
119846
120200
120577
120971
121340
121701
122053
122431
122826
123213
123581
123934
124313
124690
125060
125429
125791
126176
126588
127000
127395
127780
128201
128646
129074
129461
129864
130250
130645
131022
131391
131811
132231
132641
133028
133456
133894
134321
134732
135119
135547
135950
136345
136715
137109
137504
137898
138268
138662
139074
139461
139839
140242
140645
141023
141393
141779
142191
142594
142980
143374
143778
144198
144601
145004
145416
145828
146214
146600
146995
147397
147775
148145
148532
148942
149345
149731
