272
691
1118
1498
1892
2295
2706
3085
3496
3925
4370
4773
5176
5613
6058
6453
6865
7285
7714
8117
8512
8958
9396
9816
10219
10647
11067
11472
11859
12278
12689
13126
13513
13933
14362
14807
15219
15622
16042
16436
16823
17193
17588
17999
18368
18765
19192
19597
19974
20370
20772
21159
21528
21923
22318
22704
23073
23451
23863
24265
24651
25064
25499
25911
26305
26727
27163
27574
27986
28438
28876
29287
29715
30151
30588
30999
31427
31847
32242
32637
33072
33492
33879
34281
34701
35122
35524
35927
36356
36800
37211
37640
38102
38539
38959
39387
39841
40286
40713
41132
41569
41989
42384
42828
43265
43684
44079
44490
44926
45355
45766
46187
46630
47075
47496
47915
48343
48763
49165
49544
49922
50317
50711
51089
51459
51862
52265
52659
53037
53415
53809
54204
54590
54959
55345
55740
56135
56513
56891
57302
57705
58091
58468
58879
59283
59677
60046
60451
60869
61264
61649
62061
62473
62876
63262
63681
64102
64505
64882
65269
65654
66057
66443
66812
67207
67611
68014
68400
68812
69239
69635
70021
70433
70868
71289
71691
72086
72507
72927
73321
73725
74152
74555
74941
75353
75789
76193
76579
76999
77418
77804
78183
78595
79014
79400
79795
80215
80627
81013
81432
81861
82273
82667
83087
83507
83911
84305
84726
85171
85565
85960
86381
86817
87212
87608
88028
88464
88859
89262
89674
90086
90472
90842
91246
91657
92060
92455
92875
93278
93664
94059
94471
94874
95252
95655
96093
96504
96882
97252
97646
98041
98461
98856
99234
99654
100082
100494
100888
101274
101686
102105
102499
102869
103256
103676
104112
104540
104936
105338
105758
106178
106589
106975
107413
107865
108270
108664
109066
109478
109889
110284
110688
111123
111560
111963
112342
112761
113189
113593
113979
114373
114802
115247
115650
116053
116481
116901
117295
117673
118076
118487
118874
119242
119629
120033
120443
120837
121207
121635
122071
122475
122870
123314
123750
124137
124540
124967
125397
125799
126185
126623
127066
127504
127923
128352
128813
129258
129678
130081
130500
130920
131323
131709
132120
132548
132959
133346
133741
134168
134589
134992
135378
135798
136234
136662
137057
137452
137871
138291
138694
139080
139468
139879
140298
140694
141088
141516
141944
142347
142741
143161
143598
144011
144404
144808
145244
145656
146058
146453
146865
147301
147730
148124
148536
148972
149409
149812
