1008
1411
1789
2169
2569
2952
3325
3737
4124
4497
4890
5282
5651
6031
6413
6785
7166
7568
7937
8336
8746
9128
9536
9939
10319
10719
11107
11487
11897
12303
12682
13087
13483
13859
14252
14642
15011
15415
15816
16192
16591
17002
17377
17773
18178
18549
18944
19336
19704
20105
20490
20872
21269
21669
22047
22441
22839
23207
23585
23978
24355
24725
25118
25527
25915
26304
26711
27101
27475
27866
28254
28626
29023
29418
29792
30186
30598
30980
31363
31777
32162
32556
32957
33341
33718
34122
34522
34905
35295
35675
36040
36422
36818
37193
37621
37996
38365
38758
39142
39509
39896
40307
40680
41077
41485
41853
42286
42688
43071
43511
43890
44300
44692
45066
45474
45856
46238
46653
47045
47423
47836
48225
48607
49019
49386
49756
50135
50501
50847
51190
51531
51889
52265
52621
52972
53350
53747
54133
54503
54904
55304
55682
56096
56511
56884
57285
57690
58069
58500
58949
59332
59753
60166
60549
60960
61353
61730
62145
62567
62947
63364
63771
64146
64554
64957
65331
65746
66143
66525
66955
67368
67749
68172
68587
68980
69358
69759
70169
70550
70929
71345
71763
72146
72525
72935
73345
73732
74134
74536
74945
75322
75736
76169
76555
76969
77385
77783
78171
78590
79010
79397
79835
80257
80641
81064
81472
81856
82284
82707
83097
83535
83949
84335
84765
85179
85559
85985
86422
86802
87216
87639
88018
88433
88842
89229
89646
90048
90436
90856
91268
91652
92054
92455
92836
93242
93649
94026
94427
94827
95212
95634
96053
96452
96872
97250
97635
98035
98405
98796
99173
99538
99928
100302
100674
101073
101465
101838
102206
102566
102946
103323
103680
104035
104380
104721
105122
105621
106059
106430
106788
107141
107498
107859
108221
108597
108966
109358
109757
110167
110576
110959
111218
111774
112164
112529
112911
113301
113698
114094
114474
114903
115324
115740
116148
116527
116936
117330
117730
118139
118515
118928
119341
119725
120160
120578
120968
121362
121766
122169
122550
122942
123352
123752
124136
124565
124998
125390
125813
126235
126617
127013
127434
127824
128209
128623
129046
129430
129842
130255
130647
131070
131490
131871
132287
132692
133064
133475
133901
134281
134688
135099
135481
135881
136298
136685
137082
137494
137878
138278
138693
139101
139485
139891
140305
140691
141122
141525
141922
142347
142750
143137
143545
143957
144335
144719
145120
145500
145883
146288
146692
147072
147462
147848
148248
148628
149007
149407
149799
