524
921
1306
1681
2072
2462
2843
3235
3640
4026
4406
4769
5145
5526
5895
6284
6680
7049
7430
7819
8204
8575
8964
9361
9737
10126
10521
10900
11268
11653
12029
12396
12743
13098
13435
13793
14145
14505
14888
15286
15659
16057
16475
16872
17238
17636
18049
18442
18821
19244
19656
20022
20419
20810
21181
21605
22041
22436
22876
23306
23710
24180
24645
25088
25472
25892
26344
26769
27165
27618
28081
28486
28929
29387
29784
30194
30638
31047
31442
31871
32299
32694
33117
33555
33948
34367
34793
35205
35600
36057
36515
36905
37336
37765
38157
38558
38988
39397
39771
40161
40574
40940
41345
41744
42119
42532
42938
43318
43730
44145
44511
44870
45228
45580
45949
46325
46687
47035
47371
47705
48034
48360
48694
49019
49353
49930
50430
50919
51397
51824
52219
52625
53035
53481
53922
54334
54722
55117
55607
56102
56580
57044
57487
57910
58296
58749
59202
59641
60052
60473
60922
61358
61752
62187
62605
63034
63467
63857
64277
64690
65075
65492
65921
66308
66722
67147
67562
67948
68363
68772
69183
69568
69968
70340
70724
71106
71563
71832
72186
72547
72900
73271
73659
74023
74400
74793
75155
75539
75925
76290
76657
77052
77473
77882
78265
78675
79084
79475
79902
80296
80678
81107
81517
81898
82301
82708
83056
83406
83770
84181
84601
84989
85366
85733
86105
86477
86850
87455
87966
88456
88922
89370
89803
90212
90615
91032
91459
91875
92262
92631
92995
93394
93831
94257
94682
95111
95531
95965
96391
96783
97168
97577
98019
98466
98911
99348
99772
100174
100557
100959
101372
101783
102182
102579
103001
103420
103835
104261
104674
105090
105481
105867
106247
106662
107082
107499
107914
108339
108767
109193
109608
110015
110403
110810
111220
111627
112034
112415
112835
113251
113668
114056
114464
114890
115312
115701
116101
116474
116836
117190
117548
117901
118290
118702
119109
119480
119907
120327
120710
121137
121560
121955
122369
122816
123220
123619
124055
124479
124866
125309
125765
126175
126596
127060
127487
127883
128319
128755
129149
129546
129973
130398
130788
131236
131682
132085
132477
132898
133301
133690
134065
134444
134826
135248
135708
136191
136656
137090
137496
137908
138316
138725
139113
139550
139972
140417
140818
141260
141704
142135
142539
142967
143411
143832
144220
144652
145069
145456
145890
146324
146722
147166
147584
147962
148332
148713
149110
149525
149912
