293
647
1007
1359
1728
2090
2451
2820
3200
3602
3996
4357
4721
5087
5444
5794
6140
6507
6885
7248
7601
7943
8298
8709
9106
9497
9870
10230
10606
10980
11356
11718
12086
12458
12834
13187
13554
13934
14314
14689
15059
15430
15800
16160
16515
16873
17251
17605
17942
18269
18596
18923
19252
19580
19925
20274
20615
20954
21284
21628
21981
22334
22676
23007
23343
23687
24021
24357
24678
25006
25349
25702
26048
26385
26743
27120
27493
27852
28197
28559
28921
29274
29625
29971
30316
30670
31014
31357
31702
32062
32415
32757
33114
33471
33823
34171
34563
34941
35303
35670
36028
36393
36748
37101
37467
37821
38177
38535
38898
39276
39643
40005
40386
40778
41166
41533
41920
42325
42708
43063
43422
43779
44138
44492
44843
45196
45574
45969
46346
46708
47077
47440
47792
48144
48496
48859
49227
49581
49933
50277
50638
51007
51362
51728
52081
52426
52772
53116
53457
53796
54132
54450
54779
55139
55509
55871
56230
56583
56919
57256
57606
57958
58295
58636
58991
59352
59705
60053
60418
60781
61139
61492
61846
62208
62568
62914
63266
63626
63973
64325
64677
65024
65365
65698
66044
66390
66727
67055
67390
67726
68062
68397
68727
69063
69398
69726
70053
70381
70723
71069
71405
71732
72062
72408
72762
73103
73438
73790
74153
74513
74856
75189
75546
75906
76254
76590
76927
77277
77630
77973
78307
78661
79009
79353
79696
80040
80377
80721
81056
81384
81730
82084
82436
82777
83106
83443
83786
84117
84450
84772
85121
85468
85811
86140
86465
86799
87135
87475
87809
88137
88474
88816
89146
89473
89806
90142
90473
90803
91124
91444
91774
92107
92427
92746
93064
93384
93729
94090
94448
94796
95149
95541
95921
96281
96634
97009
97373
97726
98077
98420
98773
99144
99511
99859
100200
100543
100905
101259
101595
101930
102266
102623
102997
103335
103672
104029
104416
104782
105123
105458
105802
106150
106501
106844
107179
107524
107877
108229
108572
108918
109278
109639
109985
110337
110707
111089
111452
111804
112159
112525
112888
113234
113587
113947
114309
114660
115005
115365
115733
116095
116439
116782
117141
117505
117857
118194
118546
118915
119283
119637
119999
120377
120762
121125
121493
121865
122251
122618
122966
123341
123713
124073
124423
124787
125160
125535
125894
126240
126591
126953
127333
127711
128079
128420
128759
129088
129406
129717
130055
130447
130809
131176
131530
131879
132242
132618
132974
133328
133695
134067
134432
134779
135134
135510
135877
136223
136577
136932
137274
137610
137954
138301
138629
138955
139285
139620
139955
140277
140598
140924
141262
141593
141912
142232
142567
142905
143237
143555
143870
144194
144530
144859
145180
145505
145850
146200
146555
146894
147219
147554
147902
148252
148595
148922
149244
149585
149929
