735
1093
1447
1808
2174
2535
2877
3218
3577
3949
4304
4649
4989
5320
5663
6015
6368
6712
7047
7377
7705
8039
8393
8742
9085
9420
9751
10088
10431
10769
11103
11435
11776
12130
12492
12855
13207
13561
13932
14301
14655
14997
15332
15675
16019
16354
16677
17003
17339
17676
18016
18350
18699
19053
19404
19745
20088
20426
20783
21153
21526
21889
22242
22586
22944
23312
23676
24023
24363
24715
25082
25442
25787
26128
26469
26829
27191
27543
27886
28218
28551
28894
29233
29573
29910
30241
30586
30949
31345
31713
32061
32423
32794
33164
33516
33865
34224
34583
34938
35280
35618
35968
36319
36663
37002
37339
37677
38032
38403
38761
39105
39441
39790
40133
40467
40785
41100
41409
41723
42042
42377
42735
43097
43442
43776
44115
44456
44797
45132
45462
45793
46133
46493
46851
47195
47535
47879
48240
48606
48954
49298
49651
50004
50366
50715
51060
51426
51829
52219
52588
52948
53305
53677
54069
54443
54796
55144
55491
55856
56227
56583
56933
57295
57660
58015
58357
58691
59032
59387
59745
60103
60451
60791
61146
61513
61871
62212
62551
62896
63257
63620
63963
64304
64639
64999
65374
65735
66087
66439
66782
67149
67540
67931
68298
68649
69005
69367
69737
70093
70443
70812
71203
71576
71935
72284
72654
73039
73414
73771
74116
74465
74824
75184
75533
75882
76252
76622
76982
77326
77671
78020
78370
78711
79040
79366
79698
80036
80375
80707
81036
81368
81711
82059
82407
82742
83075
83408
83753
84095
84431
84761
85095
85436
85783
86132
86469
86803
87144
87497
87857
88203
88547
88887
89223
89563
89909
90255
90596
90926
91254
91586
91917
92240
92559
92884
93218
93564
93907
94245
94593
94947
95308
95663
96015
96383
96750
97099
97438
97803
98160
98514
98865
99242
99607
99947
100315
100667
101031
101390
101739
102084
102454
102824
103149
103500
103859
104195
104549
104906
105245
105581
105937
106305
106664
107011
107350
107710
108065
108400
108736
109083
109430
109776
110167
110580
110989
111364
111728
112118
112532
112917
113293
113711
114124
114520
114896
115273
115679
116106
116510
116896
117275
117681
118111
118523
118898
119261
119625
120003
120373
120728
121077
121421
121780
122161
122537
122900
123249
123623
124025
124414
124773
125126
125490
125857
126216
126562
126907
127273
127648
128017
128370
128717
129065
129433
129799
130152
130494
130846
131203
131557
131907
132254
132604
132984
133361
133720
134063
134403
134768
135130
135491
135833
136172
136540
136918
137287
137646
138007
138399
138841
139259
139628
139984
140355
140735
141108
141473
141837
142229
142642
143029
143396
143763
144140
144515
144866
145220
145595
145995
146361
146714
147088
147461
147818
148167
148530
148917
149289
149649
