1234
1703
2199
2691
3124
3616
4061
4491
4969
5430
5885
6389
6859
7326
7835
8303
8776
9285
9747
10237
10741
11220
11742
12220
12690
13175
13620
14081
14547
14988
15451
15912
16350
16829
17282
17721
18198
18644
19097
19576
20027
20489
20958
21405
21877
22339
22784
23268
23729
24167
24639
25108
25554
26025
26494
26942
27426
27880
28327
28802
29251
29697
30165
30620
31059
31533
32000
32459
32941
33392
33867
34327
34773
35226
35672
36141
36605
37049
37530
37979
38455
38935
39387
39875
40339
40776
41256
41709
42187
42666
43098
43599
44053
44516
45012
45466
45920
46408
46869
47332
47820
48282
48762
49233
49687
50181
50643
51106
51587
52048
52511
52997
53451
53929
54411
54871
55358
55820
56275
56761
57209
57680
58165
58618
59099
59559
60015
60507
60961
61424
61918
62373
62857
63347
63807
64294
64774
65230
65714
66174
66636
67124
67576
68046
68524
68975
69455
69912
70363
70835
71281
71740
72213
72658
73128
73589
74035
74512
74960
75413
75897
76344
76804
77283
77732
78200
78678
79124
79602
80056
80508
80988
81442
81896
82373
82817
83280
83765
84213
84680
85139
85588
86059
86518
86966
87444
87892
88353
88837
89287
89769
90231
90677
91162
91617
92072
92551
93001
93466
93939
94389
94859
95321
95775
96260
96714
97193
97664
98111
98596
99067
99519
99998
100461
100904
101375
101829
102274
102752
103207
103664
104145
104598
105070
105533
105980
106449
106908
107353
107825
108279
108739
109212
109657
110126
110582
111022
111489
111935
112382
112852
113297
113759
114228
114669
115139
115599
116044
116516
116973
117423
117896
118350
118802
119276
119737
120186
120656
121103
121562
121999
122437
122898
123337
123781
124247
124692
125137
125607
126051
126507
126984
127432
127905
128383
128836
129298
129753
130197
130664
131107
131563
132038
132484
132948
133410
133861
134335
134795
135244
135721
136182
136628
137098
137559
138008
138484
138938
139389
139863
140311
140771
141250
141705
142166
142645
143096
143560
144030
144477
144954
145411
145857
146332
146788
147228
147717
148170
148619
149099
149558
