342
833
1316
1829
2312
2817
3314
3799
4275
4762
5260
5767
6273
6772
7274
7753
8243
8728
9211
9715
10202
10723
11207
11720
12205
12717
13202
13713
14218
14711
15229
15750
16234
16751
17238
17753
18249
18765
19286
19779
20301
20801
21305
21801
22295
22803
23295
23815
24303
24816
25311
25804
26325
26808
27324
27816
28309
28826
29307
29814
30312
30791
31306
31789
32279
32791
33271
33777
34271
34755
35278
35764
36273
36793
37277
37791
38288
38781
39301
39786
40295
40802
41292
41806
42291
42793
43304
43783
44287
44779
45269
45794
46274
46773
47271
47749
48257
48741
49241
49744
50223
50738
51215
51718
52212
52692
53198
53680
54191
54686
55178
55703
56183
56694
57192
57676
58192
58674
59182
59675
60168
60686
61167
61670
62163
62649
63162
63640
64145
64643
65129
65639
66121
66628
67119
67601
68115
68596
69105
69606
70091
70610
71092
71603
72096
72587
73101
73584
74095
74597
75081
75601
76085
76583
77075
77555
78059
78537
79029
79533
80010
80513
80993
81478
81981
82451
82936
83390
83844
84275
84743
85239
85665
86163
86639
87079
87605
88076
88533
89053
89510
89985
90507
90977
91500
92002
92490
93027
93499
93992
94479
94954
95456
95929
96429
96914
97395
97903
98380
98884
99376
99859
100361
100835
101326
101814
102288
102787
103262
103753
104249
104726
105225
105711
106206
106716
107195
107703
108201
108689
109201
109678
110180
110669
111151
111662
112150
112651
113146
113634
114147
114633
115140
115629
116113
116613
117091
117584
118072
118552
119053
119547
120026
120531
121008
121502
122012
122486
122987
123480
123961
124469
124953
125458
125961
126441
126946
127434
127930
128441
128917
129416
129899
130382
130883
131354
131856
132346
132830
133338
133814
134312
134807
135284
135784
136268
136758
137264
137740
138245
138729
139217
139723
140199
140698
141186
141665
142172
142652
143146
143644
144123
144622
145105
145588
146088
146564
147061
147549
148034
148541
149023
149521
