862
1248
1618
1980
2341
2710
3079
3433
3793
4146
4507
4852
5213
5574
5935
6296
6673
7043
7422
7800
8185
8554
8916
9277
9662
10016
10376
10754
11107
11477
11846
12223
12584
12953
13323
13691
14053
14414
14776
15136
15489
15849
16203
16563
16915
17285
17638
17999
18377
18754
19123
19493
19880
20275
20661
21047
21441
21820
22197
22592
22971
23348
23734
24113
24499
24869
25246
25624
26002
26380
26767
27152
27514
27884
28253
28622
28983
29354
29722
30084
30469
30840
31218
31595
31991
32401
32788
33191
33586
33972
34350
34720
35090
35443
35804
36166
36519
36880
37241
37604
37965
38327
38697
39067
39445
39815
40185
40547
40907
41261
41615
41960
42312
42665
43035
43388
43749
44103
44465
44834
45187
45549
45910
46280
46649
47019
47390
47759
48121
48491
48861
49222
49591
49953
50306
50659
51012
51373
51735
52088
52449
52811
53165
53534
53894
54257
54618
54979
55350
55720
56098
56494
56881
57267
57688
58116
58520
58941
59336
59740
60152
60538
60925
61312
61691
62069
62447
62851
63229
63608
64003
64406
64800
65196
65631
66035
66431
66826
67229
67625
68019
68415
68827
69230
69625
70037
70434
70837
71232
71636
72039
72443
72863
73284
73687
74074
74470
74856
75250
75654
76042
76436
76823
77219
77613
78000
78395
78782
79218
79564
79875
80133
80176
80329
80715
81094
81876
82261
82640
83026
83435
83783
84152
84530
84924
85288
87921
88277
88702
92720
92801
93041
94012
94709
94922
95551
95963
96249
96644
97063
97475
97878
98165
98423
98463
99602
100097
100489
100712
101073
101418
101955
102048
102359
102695
103097
103392
103644
104046
104298
104475
104914
105056
105391
105434
105517
105584
105979
106269
106423
107539
107702
111798
113604
113879
114232
114585
114888
115232
115282
115325
115377
115426
115938
116290
116627
116954
117306
117652
117997
118374
118744
119064
119400
119753
120089
120433
120786
121130
121467
121810
122155
122492
122836
123181
123525
123860
124197
124540
124884
125220
125557
125894
126230
126565
126909
127253
127589
127926
128270
128615
128959
129296
129648
129993
130337
130674
131010
131354
131690
132026
132371
132724
133077
133422
133775
134137
134497
134851
135204
135557
135910
136263
136616
136977
137330
137684
138045
138414
138768
139121
139474
139827
140181
140534
140879
141240
141593
141954
142308
142661
143006
143358
143704
144056
144401
144754
145107
145451
145797
146149
146494
146839
147183
147528
147873
148209
148546
148891
149226
149563
149908
