151
545
907
1267
1621
1974
2326
2695
3058
3419
3765
4109
4461
4814
5192
5570
5948
6335
6729
7115
7494
7880
8266
8652
9040
9451
9844
10240
10643
11038
11433
11836
12230
12626
13036
13431
13826
14237
14632
15026
15438
15841
16237
16656
17067
17469
17882
18293
18688
19084
19486
19873
20268
20662
21048
21434
21821
22207
22585
22963
23342
23719
24097
24484
24869
25248
25642
26030
26424
26810
27205
27608
28003
28390
28783
29195
29608
30004
30407
30835
31256
31668
32070
32473
32877
33305
33718
34130
34558
34978
35405
35834
36255
36700
37121
37540
37969
38389
38801
39212
39615
40011
40413
40815
41202
41597
41984
42363
42750
43137
43523
43909
44305
44699
45087
45482
45869
46255
46635
47028
47407
47785
48172
48550
48928
49307
49686
50056
50427
50805
51182
51552
51922
52291
52662
53031
53410
53788
54157
54528
54906
55276
55645
56022
56393
56763
57140
57526
57906
58285
58671
59057
59428
59806
60192
60571
60949
61344
61722
62101
62487
62857
63227
63605
63992
64370
64748
65127
65504
65867
66252
66630
67000
67378
67750
68119
68489
68867
69238
69607
69986
70356
70725
71103
71474
71843
72205
72574
72935
73296
73659
74020
74373
74735
75103
75465
75827
76196
76565
76927
77296
77657
78018
78379
78741
79094
79448
79816
80169
80530
80899
81269
81630
81999
82362
82722
83074
83427
83781
84132
84493
84854
85208
85568
85930
86292
86652
87013
87375
87736
88097
88467
88828
89198
89575
89936
90297
90659
91020
91381
91751
92120
92482
92852
93221
93590
93976
94371
94742
95110
95488
95858
96226
96596
96965
97335
97703
98074
98442
98803
99173
99535
99903
100265
100635
100997
101358
101726
102097
102458
102828
103221
103600
103987
104373
104750
105122
105507
105877
106247
106617
106987
107356
107742
108104
108466
108843
109213
109575
109936
110297
110657
111010
111372
111726
112078
112439
112793
113145
113498
113852
114204
114557
114918
115278
115633
115993
116363
116724
117079
117448
117817
118179
118548
118909
119271
119641
120010
120372
120741
121103
121464
121824
122187
122555
122917
123280
123657
124036
124413
124783
125171
125565
125951
126338
126718
127095
127473
127852
128230
128608
128996
129390
129769
130156
130551
130945
131340
131752
132156
132549
132945
133341
133744
134131
134517
134920
135308
135702
136098
136485
136871
137266
137660
138046
138433
138820
139198
139583
139970
140349
140718
141095
141467
141852
142221
142599
142975
143354
143723
144093
144471
144848
145218
145596
145981
146351
146720
147090
147466
147837
148205
148583
148961
149329
149699
