1014
1484
1986
2498
2977
3472
3984
4464
4975
5497
5983
6486
6997
7478
7980
8485
8980
9451
9954
10467
10947
11458
11979
12473
12977
13498
13994
14490
15003
15515
16000
16504
17009
17496
17984
18504
19024
19504
20023
20543
21056
21553
22072
22602
23123
23617
24130
24649
25154
25632
26137
26650
27144
27640
28144
28639
29109
29605
30109
30589
31074
31577
32074
32543
33032
33534
34014
34501
35012
35517
36005
36506
37011
37498
37976
38473
38984
39464
39956
40461
40956
41435
41939
42442
42913
43408
43903
44389
44845
45322
45800
46254
46708
47111
47506
47960
48429
48882
49293
49739
50201
50662
51082
51528
52024
52510
52980
53491
54023
54491
54969
55457
55903
56355
56843
57345
57800
58304
58833
59303
59815
60370
60847
61325
61830
62300
62762
63307
63828
64314
64827
65330
65782
66279
66823
67294
67773
68268
68747
69200
69696
70284
70848
71318
71797
72317
72813
73267
73746
74275
74779
75241
75720
76216
76687
77123
77578
78091
78578
79049
79594
80150
80629
81126
81664
82160
82629
83125
83638
84110
84589
85110
85606
86103
86681
87229
87708
88195
88700
89212
89682
90221
90791
91298
91751
92229
92734
93204
93658
94145
94658
95145
95608
96104
96634
97105
97601
98138
98651
99113
99607
100204
100785
101282
101767
102255
102759
103230
103725
104271
104835
105321
105818
106345
106824
107287
107835
108421
108917
109371
109850
110338
110784
111279
111808
112279
112776
113296
113751
114196
114666
115154
115600
116054
116549
117028
117474
117952
118458
118929
119382
119852
120339
120791
121255
121750
122229
122673
123143
123638
124135
124588
125058
125596
126126
126596
127091
127663
128225
128687
129158
129635
130082
130526
131013
131508
131987
132565
133162
133676
134212
134707
135161
135640
136152
136623
137126
137647
138108
138579
139059
139529
140009
140504
140967
141429
141924
142489
142982
143478
144002
144497
144949
145404
145891
146394
146859
147336
147858
148480
149027
149554
