418
897
1352
1805
2285
2765
3269
3740
4211
4716
5212
5716
6213
6708
7162
7624
8129
8634
9138
9625
10080
10575
11063
11550
12013
12466
12953
13432
13927
14391
14843
15338
15826
16312
16725
17135
17571
18017
18470
18907
19384
19872
20375
20871
21341
21811
22314
22818
23322
23827
24330
24783
25255
25741
26221
26673
27128
27615
28117
28596
29042
29513
30007
30503
30982
31427
31897
32385
32880
33350
33788
34242
34712
35191
35661
36115
36593
37073
37561
38047
38485
38965
39460
39948
40418
40857
41319
41798
42286
42764
43211
43698
44194
44682
45136
45591
46069
46565
47052
47507
47994
48499
49011
49516
49985
50473
50969
51474
51986
52490
52953
53424
53902
54383
54860
55306
55776
56265
56752
57199
57652
58123
58602
59080
59518
59973
60453
60922
61360
61805
62277
62756
63217
63655
64110
64588
65068
65521
65965
66420
66899
67370
67847
68295
68739
69211
69698
70185
70656
71100
71545
72001
72471
72941
73380
73841
74319
74799
75252
75689
76143
76613
77083
77537
77965
78402
78856
79317
79780
80225
80661
81116
81585
82047
82500
82937
83382
83835
84281
84684
85079
85497
85910
86320
86749
87195
87673
88127
88573
89050
89530
89993
90438
90908
91387
91874
92328
92799
93294
93774
94253
94707
95186
95681
96177
96648
97102
97589
98085
98589
99062
99556
100086
100615
101120
101607
102086
102589
103094
103606
104111
104607
105068
105538
106025
106529
107008
107494
107998
108502
108998
109460
109946
110435
110914
111357
111820
112306
112794
113239
113710
114196
114685
115180
115658
116104
116575
117070
117558
118045
118499
118953
119432
119920
120380
120843
121330
121826
122331
122827
123321
123767
124213
124683
125162
125632
126085
126565
127078
127589
128077
128539
129028
129539
130036
130506
130960
131438
131926
132397
132841
133295
133774
134262
134749
135194
135656
136118
136581
137027
137464
137925
138397
138876
139363
139850
140296
140742
141220
141692
142162
142599
143045
143507
143978
144423
144869
145339
145818
146290
146769
147240
147685
148121
148576
149055
149517
149962
