1003
1448
1871
2315
2783
3247
3659
4057
4479
4876
5284
5722
6183
6646
7079
7527
7990
8467
8933
9399
9848
10267
10713
11167
11615
12045
12497
12980
13463
13925
14395
14883
15355
15802
16271
16745
17222
17668
18129
18591
19049
19478
19927
20389
20853
21291
21734
22191
22663
23140
23594
24037
24499
24980
25470
25957
26410
26876
27359
27846
28306
28767
29241
29718
30160
30611
31088
31568
32056
32541
32989
33451
33930
34419
34886
35349
35836
36332
36819
37274
37743
38230
38727
39212
39666
40146
40643
41147
41611
42080
42568
43053
43532
43979
44425
44979
45386
45845
46311
46787
47271
47755
48214
48677
49157
49652
50138
50578
51036
51503
51982
52436
53343
53820
54283
54754
55176
55604
56041
56501
56919
57352
57813
58244
58630
59017
59418
59826
60225
60641
61084
61539
62001
62413
62856
63313
63782
64221
64647
65092
65545
65994
66419
66882
67348
67825
68287
68726
69197
69674
70152
70633
71079
71534
72007
72475
72952
73423
73860
74330
74811
75278
75710
76177
76647
77121
77574
78037
78514
79000
79490
79943
80408
80892
81377
81858
82305
82782
83286
83790
84285
84790
85247
85709
86195
86680
87170
87616
88080
88567
89068
89560
90060
90516
90968
91418
91884
92327
92755
93214
93706
94208
94696
95159
95646
96127
96640
97143
97598
98066
98537
99017
99494
99950
100435
100931
101415
101874
102361
102855
103328
103776
104110
104251
104749
105233
105689
106183
106675
107147
107601
108098
108606
109123
109623
110092
110601
111123
111645
112206
112653
113107
113576
114073
114584
115088
115610
116165
116577
117061
117559
118069
118578
119103
119601
120067
120541
121025
121494
121910
122328
122777
123203
123634
124101
124591
125095
125597
126054
126531
127036
127521
127733
128274
128499
128986
129483
129988
130475
130936
131430
131920
132406
132944
133400
133900
134380
134849
135330
135824
136317
136791
137242
137714
138201
138724
139126
139598
140083
140575
141025
141495
141982
142468
142923
143400
143887
144370
144815
145268
145730
146392
146656
147100
147570
148041
148529
149025
149513
