336
756
1160
1547
1950
2354
2757
3144
3531
3933
4329
4716
5094
5481
5884
6272
6658
7045
7440
7836
8213
8576
8963
9366
9754
10148
10527
10889
11259
11646
12034
12420
12799
13177
13564
13968
14356
14741
15138
15558
15962
16357
16752
17156
17559
17946
18325
18721
19132
19535
19914
20302
20704
21108
21504
21889
22285
22697
23101
23478
23873
24277
24688
25084
25470
25882
26294
26705
27091
27469
27857
28259
28653
29024
29410
29813
30217
30612
30999
31402
31814
32226
32637
33032
33411
33814
34227
34639
35033
35427
35831
36242
36637
37008
37411
37814
38210
38605
38991
39394
39806
40225
40629
41017
41420
41832
42244
42639
43017
43421
43833
44244
44648
45036
45422
45827
46238
46641
47020
47416
47836
48257
48661
49047
49450
49855
50275
50671
51050
51461
51882
52303
52739
53168
53572
53967
54379
54800
55229
55658
56061
56448
56850
57255
57666
58062
58457
58869
59288
59684
60080
60492
60896
61283
61653
62013
62366
62737
63115
63494
63872
64251
64654
65058
65445
65822
66217
66620
67007
67385
67780
68184
68580
68966
69345
69747
70144
70538
70917
71295
71698
72102
72481
72867
73262
73665
74052
74423
74817
75212
75616
76003
76398
76808
77230
77658
78070
78474
78902
79330
79750
80154
80541
80944
81365
81794
82205
82601
83028
83465
83896
84308
84694
85098
85510
85930
86325
86704
87099
87511
87915
88309
88714
89134
89553
89957
90354
90774
91193
91607
92002
92397
92809
93221
93624
93994
94397
94801
95205
95592
95978
96382
96793
97189
97567
97963
98367
98770
99157
99543
99939
100350
100739
101124
101520
101939
102343
102730
103117
103512
103916
104304
104689
105093
105498
105909
106303
106690
107087
107498
107910
108298
108684
109096
109524
109945
110356
110735
111138
111542
111946
112366
112770
113157
113544
113955
114375
114772
115166
115586
116015
116445
116865
117269
117655
118075
118496
118926
119329
119725
120146
120582
121011
121431
121827
122213
122626
123045
123458
123871
124265
124652
125048
125459
125854
126234
126636
127057
127476
127872
128259
128671
129090
129495
129880
130276
130695
131114
131502
131896
132301
132728
133139
133528
133930
134341
134753
135149
135535
135938
136343
136737
137115
137502
137913
138318
138711
139098
139501
139913
140324
140720
141115
141528
141955
142359
142745
143149
143560
143963
144350
144744
145155
145566
145961
146349
146744
147155
147574
147969
148356
148775
149203
149617
