168
565
954
1326
1713
2110
2510
2901
3277
3675
4083
4497
4900
5281
5676
6085
6491
6897
7287
7669
8068
8470
8859
9245
9643
10045
10454
10864
11263
11636
12032
12431
12831
13230
13608
13980
14367
14760
15141
15513
15888
16275
16659
17034
17388
17739
18097
18452
18807
19184
19572
19967
20347
20718
21105
21499
21887
22264
22633
23016
23406
23805
24205
24584
24950
25334
25723
26107
26484
26865
27274
27699
28123
28541
28932
29309
29699
30100
30503
30885
31253
31641
32036
32435
32834
33218
33590
33977
34377
34773
35162
35528
35918
36313
36709
37102
37468
37854
38255
38657
39055
39459
39840
40212
40593
40982
41380
41767
42138
42516
42911
43299
43674
44045
44441
44837
45240
45637
46021
46393
46786
47189
47573
47948
48349
48758
49165
49555
49937
50340
50742
51121
51499
51900
52304
52714
53093
53462
53852
54249
54647
55042
55421
55801
56199
56596
56996
57406
57790
58167
58559
58955
59361
59780
60194
60614
61000
61376
61766
62162
62557
62935
63302
63691
64089
64484
64869
65249
65650
66044
66448
66846
67225
67593
67985
68381
68767
69139
69520
69920
70318
70696
71058
71442
71833
72233
72630
73014
73377
73756
74150
74537
74900
75278
75666
76057
76430
76791
77177
77572
77959
78331
78705
79100
79491
79890
80279
80644
81012
81391
81770
82140
82503
82883
83275
83649
84014
84390
84772
85158
85526
85887
86260
86629
86981
87332
87685
88034
88386
88763
89149
89528
89898
90286
90682
91090
91486
91864
92243
92634
93033
93438
93841
94228
94606
94998
95387
95792
96180
96550
96951
97365
97777
98165
98557
98969
99380
99771
100167
100577
100996
101420
101847
102235
102603
102998
103400
103799
104203
104586
104943
105320
105713
106116
106531
106924
107310
107709
108121
108510
108893
109290
109703
110113
110514
110888
111264
111653
112056
112451
112839
113209
113602
113999
114386
114756
115130
115515
115909
116303
116677
117046
117442
117846
118242
118616
118996
119394
119796
120182
120550
120934
121336
121739
122118
122497
122895
123297
123699
124077
124473
124883
125304
125725
126120
126494
126887
127283
127694
128088
128459
128854
129251
129653
130045
130426
130821
131229
131626
132007
132398
132804
133212
133614
133994
134370
134758
135152
135546
135923
136286
136667
137055
137452
137828
138192
138556
138913
139265
139624
139982
140335
140712
141097
141485
141864
142235
142625
143029
143427
143815
144185
144563
144965
145354
145730
146122
146533
146956
147378
147798
148198
148588
148987
149400
149809
