576
910
1238
1583
1935
2295
2639
2968
3294
3623
3973
4326
4680
5033
5376
5695
5997
6307
6626
6964
7316
7669
8029
8381
8726
9060
9379
9699
10035
10386
10740
11100
11446
11780
12108
12451
12803
13157
13509
13862
14205
14533
14861
15203
15548
15901
16245
16580
16908
17244
17589
17942
18294
18636
18966
19295
19637
19989
20341
20677
21004
21333
21668
22012
22356
22683
23357
23682
24009
24329
24640
24957
25284
25629
25974
26316
26643
26973
27316
27662
28012
28349
28676
29002
29329
29658
29995
30330
30649
30968
31296
31632
31975
32304
32975
33302
33622
33949
34260
34577
34898
35241
35587
35928
36256
36576
36903
37231
37574
37902
38221
38540
38860
39188
39530
39860
40187
40505
40825
41159
41496
42175
42495
42806
43125
43450
43763
44074
44393
44728
45082
45449
45802
46146
46483
46827
47180
47540
47894
48223
48556
48892
49244
49597
49942
50277
50614
50957
51310
51672
52025
52361
52697
53042
53400
53763
54122
54467
54812
55164
55525
55886
56239
56576
56920
57279
57641
58009
58356
58699
59052
59413
59790
60152
60502
60840
61192
61560
61929
62284
62627
62973
63332
63700
64062
64414
64759
65112
65482
65866
66243
66597
66950
67317
67688
68073
68451
68813
69167
69536
69913
70306
70694
71070
71423
71775
72138
72515
72901
73270
73622
73976
74344
74714
75075
75420
75771
76133
76503
76864
77217
77561
77920
78290
78676
79054
79415
79751
80095
80456
80827
81213
81590
81942
82285
82638
82992
83354
83707
84042
84384
84738
85100
85469
85820
86156
86500
86853
87207
87560
87901
88223
88557
88892
89220
89539
89843
90153
90792
91102
91404
91722
92048
92370
92696
93023
93367
94131
94501
94845
95180
95523
95878
96248
96617
96969
97322
97692
98077
98469
98855
99210
99569
99932
100310
100695
101057
101408
101754
102114
102491
102869
103239
103599
103970
104363
104757
105135
105495
105858
106242
106644
107041
107409
107755
108116
108494
108880
109256
109610
109987
110366
110768
111154
111523
111892
112277
112664
113042
113403
113765
114150
114545
114955
115326
115687
116063
116442
116828
117206
117567
117936
118330
118740
119134
119497
119874
120269
120672
121066
121442
121811
122199
122601
123004
123381
123743
124112
124499
124909
125297
125664
126026
126402
126797
127182
127545
127898
128267
128652
129047
129432
129793
130163
130557
130945
131336
131697
132057
132429
132831
133226
133612
133971
134333
134719
135120
135508
135877
136238
136617
137011
137404
137773
138128
138505
138892
139276
139638
139990
140343
140720
141105
141467
141812
142164
142532
142910
143279
143632
143984
144352
144722
145107
145470
145821
146173
146527
146904
147272
147625
147969
148329
148693
149069
149430
149774
