334
694
1047
1391
1738
2098
2468
2836
3191
3542
3901
4273
4651
5027
5390
5750
6118
6487
6862
7243
7621
7983
8332
8688
9063
9451
9838
10210
10570
10939
11293
11677
12040
12399
12745
13097
13442
13776
14113
14457
14809
15175
15532
15883
16238
16606
16986
17370
17750
18116
18478
18849
19228
19612
19991
20362
20736
21111
21494
21871
22240
22600
22963
23337
23719
24096
24471
24839
25219
25606
25994
26372
26735
27102
27474
27854
28234
28599
28959
29328
29706
30090
30474
30848
31210
31583
31954
32348
32729
33097
33469
33852
34248
34640
35005
35374
35746
36124
36497
36861
37231
37607
37988
38363
38732
39108
39488
39877
40271
40652
41022
41404
41796
42198
42600
42997
43378
43763
44156
44554
44957
45356
45735
46113
46499
46900
47307
47708
48092
48470
48860
49259
49658
50052
50437
50821
51214
51609
52005
52399
52779
53151
53533
53921
54318
54711
55096
55465
55843
56228
56619
57025
57422
57798
58170
58551
58940
59336
59738
60124
60493
60864
61244
61631
62024
62402
62770
63140
63520
63907
64299
64687
65061
65441
65833
66227
66613
66987
67354
67723
68100
68479
68850
69211
69576
69956
70335
70709
71076
71444
71817
72200
72570
72920
73271
73625
73990
74352
74706
75054
75419
75792
76174
76538
76892
77253
77620
77989
78355
78707
79059
79418
79786
80157
80523
80878
81237
81607
81977
82350
82713
83067
83424
83787
84151
84509
84858
85203
85561
85921
86285
86638
86981
87327
87678
88038
88403
88761
89113
89476
89849
90234
90613
90961
91348
91717
92085
92439
92797
93154
93525
93903
94278
94650
95034
95436
95837
96233
96612
96991
97382
97769
98159
98541
98911
99274
99648
100029
100421
100808
101188
101555
101918
102293
102672
103057
103436
103783
104530
104898
105249
105597
105950
106319
106700
107088
107471
107853
108238
108625
109010
109389
109752
110119
110481
110849
111212
111580
111949
112315
112682
113050
113413
113772
114137
114504
114871
115238
115600
115963
116334
116718
117104
117491
117869
118247
118635
119035
119431
119824
120201
120583
120983
121394
121805
122209
122593
122965
123351
123746
124149
124559
124956
125344
125739
126140
126549
126960
127358
127751
128147
128550
128954
129349
129727
130103
130466
130811
131140
131464
131801
132149
132497
132862
133243
133630
134016
134390
134759
135138
135528
135912
136278
136649
137035
137428
137818
138194
138558
138934
139311
139697
140071
140428
140782
141148
141526
141908
142278
142634
142995
143361
143736
144103
144459
144822
145203
145588
145969
146331
146698
147075
147450
147817
148182
148560
148941
149302
149645
