231
621
1016
1401
1794
2177
2581
3025
3449
3833
4209
4566
4938
5316
5713
6108
6488
6879
7283
7698
8102
8490
8890
9296
9711
10102
10503
10928
11374
11806
12204
12614
13031
13452
13845
14239
14654
15088
15495
15912
16331
16753
17155
17543
17941
18352
18773
19173
19560
19944
20347
20751
21139
21527
21919
22323
22722
23104
23494
23891
24284
24659
25016
25375
25742
26117
26487
26858
27245
27642
28048
28432
28820
29218
29617
30000
30381
30774
31179
31588
31977
32371
32781
33186
33574
33974
34379
34814
35181
35570
35964
36373
36764
37145
37536
37934
38350
38742
39123
39513
39910
40304
40681
41066
41466
41869
42256
42638
43024
43434
43828
44212
44598
45003
45410
45800
46185
46584
46987
47370
47753
48148
48555
48939
49322
49714
50114
50515
50892
51275
51665
52062
52442
52827
53225
53630
54026
54411
54802
55203
55609
55998
56383
56775
57173
57564
57942
58344
58777
59227
59647
60060
60490
60920
61323
61716
62125
62538
62955
63355
63747
64148
64557
64962
65345
65738
66141
66551
66939
67326
67725
68131
68526
68918
69321
69728
70138
70554
70987
71436
71904
72328
72737
73152
73580
73986
74373
74768
75176
75591
75993
76391
76797
77211
77607
77999
78402
78813
79228
79622
80020
80421
80826
81215
81603
81995
82389
82774
83162
83565
83974
84367
84765
85175
85595
85996
86397
86805
87222
87621
88027
88438
88854
89246
89636
90027
90425
90807
91189
91584
91995
92405
92796
93191
93596
93999
94387
94780
95199
95639
96056
96467
96889
97329
97743
98141
98545
98962
99378
99770
100161
100559
100960
101343
101717
102104
102498
102878
103241
103611
103978
104347
104732
105142
105543
105926
106318
106723
107114
107491
107875
108270
108685
109079
109463
109859
110264
110666
111051
111454
111862
112276
112666
113053
113449
113856
114246
114638
115042
115451
115852
116235
116628
117030
117438
117826
118217
118622
119033
119426
119813
120214
120629
121051
121450
121847
122247
122641
123018
123406
123807
124206
124589
124980
125382
125792
126186
126569
126975
127396
127832
128238
128642
129077
129525
129989
130425
130850
131276
131707
132114
132506
132901
133303
133718
134144
134554
134957
135375
135796
136204
136604
137016
137455
137904
138323
138723
139136
139556
139971
140368
140762
141174
141601
142023
142414
142800
143195
143599
143991
144376
144775
145182
145597
145992
146381
146785
147193
147600
147989
148371
148758
149153
149545
