1157
1606
2039
2468
2923
3395
3833
4254
4682
5120
5544
5952
6384
6874
7376
7829
8278
8737
9172
9581
9999
10430
10840
11228
11619
11999
12402
12827
13270
13676
14092
14526
14978
15393
15812
16246
16689
17103
17525
17963
18424
18854
19271
19694
20129
20537
20950
21381
21826
22250
22675
23115
23565
23984
24408
24845
25285
25701
26130
26572
27026
27454
27883
28327
28783
29207
29625
30051
30483
30893
31300
31721
32176
32644
33086
33502
33905
34308
34732
35184
35663
36120
36530
36918
37305
37702
38119
38563
39007
39430
39834
40237
40644
41065
41525
41989
42443
42862
43265
43662
44062
44488
44957
45439
45922
46381
46795
47196
47595
48003
48432
49008
49536
50001
50407
50794
51181
51592
52047
52501
52951
53365
53768
54172
54588
55017
55438
55843
56236
56636
57060
57469
57851
58226
58606
58998
59408
59821
60214
60610
61008
61419
61846
62279
62682
63077
63488
63911
64332
64730
65131
65544
65964
66385
66784
67194
67614
68047
68462
68862
69271
69686
70098
70489
70893
71312
71764
72191
72587
72992
73393
73804
74194
74597
75014
75436
75858
76257
76668
77095
77521
77926
78315
78714
79118
79525
79919
80319
80719
81103
81482
81867
82248
82638
83054
83487
83905
84307
84737
85182
85668
86128
86567
87004
87452
87905
88347
88796
89254
89720
90180
90607
91035
91469
91894
92307
92731
93167
93606
94023
94442
94886
95345
95803
96225
96651
97088
97533
97959
98364
98790
99235
99685
100103
100525
100963
101413
101830
102248
102671
103103
103516
103926
104350
104786
105207
105612
106029
106470
106927
107355
107773
108201
108637
109059
109460
109865
110279
110708
111114
111524
111937
112368
112775
113169
113575
113993
114399
114791
115197
115609
116017
116410
116811
117225
117641
118034
118432
118835
119253
119659
120051
120461
120887
121315
121718
122138
122556
122971
123362
123746
124135
124513
124895
125319
125719
126117
126538
126972
127413
127825
128218
128612
129015
129438
129890
130342
130800
131212
131609
132004
132420
132911
133403
133881
134323
134725
135118
135514
135932
136373
136818
137248
137648
138043
138453
138886
139335
139778
140186
140585
140997
141428
141866
142283
142681
143075
143473
143900
144361
144823
145277
145693
146088
146479
146885
147319
147767
148199
148599
148995
149388
149789
