1325
1814
2282
2757
3247
3703
4169
4641
5080
5550
6022
6467
6937
7414
7855
8332
8802
9251
9726
10203
10686
11143
11638
12130
12576
13062
13572
14029
14514
15001
15457
15939
16417
16867
17350
17843
18297
18781
19265
19717
20196
20650
21127
21601
22050
22525
23017
23473
23948
24434
24886
25374
25870
26330
26815
27300
27748
28233
28702
29124
29567
29985
30402
30855
31284
31722
32190
32615
33077
33548
33975
34442
34866
35302
35788
36239
36704
37208
37645
38107
38612
39094
39577
40053
40500
41022
41516
41955
42409
42967
43474
44004
44506
45015
45497
45964
46448
46884
47338
47806
48239
48705
49143
49586
50072
50493
50952
51419
51840
52302
52786
53223
53696
54208
54680
55282
55812
56353
56859
57330
57817
58266
58717
59211
59665
60147
60660
61117
61602
62071
62519
63011
63476
63943
64433
64894
65379
65857
66300
66769
67224
67640
68099
68557
68985
69475
69960
70442
70933
71371
71814
72280
72712
73197
73688
74118
74602
75047
75470
75919
76377
76799
77234
77692
78114
78555
79028
79485
79909
80371
80806
81227
81665
82094
82519
82982
83428
83848
84341
84817
85261
85739
86201
86625
87083
87561
87996
88512
88999
89525
89982
90462
90940
91373
91823
92272
92703
93167
93609
94057
94541
94974
95443
95899
96330
96807
97242
97705
98185
98615
99050
99516
99934
100399
100875
101342
101850
102317
102794
103283
103720
104176
104625
105064
105550
106008
106481
106965
107395
107845
108307
108725
109172
109643
110075
110585
111107
111594
112114
112586
113058
113544
113987
114434
114916
115379
115812
116275
116754
117182
117649
118132
118558
119027
119590
120079
120594
121085
121530
122008
122498
122946
123456
124022
124525
125051
125540
126041
126542
126988
127452
127897
128320
128795
129235
129681
130168
130624
131134
131679
132150
132639
133089
133524
134022
134470
134915
135410
135850
136306
136790
137230
137713
138270
138751
139248
139711
140137
140597
141061
141525
142037
142514
143002
143526
144012
144540
145021
145493
145986
146485
146943
147459
147946
148497
149003
149527
