205
664
1101
1533
1978
2382
2805
3249
3664
4070
4503
4954
5392
5802
6245
6687
7097
7516
7959
8374
8801
9255
9709
10136
10575
11026
11456
11885
12336
12783
13218
13687
14121
14551
15022
15458
15886
16320
16770
17182
17626
18064
18479
18925
19371
19802
20244
20683
21100
21520
21965
22360
22781
23210
23614
24059
24493
24897
25339
25787
26192
26611
27040
27435
27866
28286
28686
29113
29543
29958
30382
30801
31218
31636
32029
32431
32851
33253
33648
34062
34470
34857
35282
35676
36092
36537
36947
37379
37833
38243
38664
39103
39502
39928
40364
40756
41174
41593
41990
42428
42850
43266
43706
44118
44541
44979
45390
45810
46256
46671
47079
47522
47940
48352
48793
49234
49669
50115
50520
50937
51371
51777
52222
52680
53098
53518
53956
54372
54789
55243
55686
56085
56527
56988
57413
57863
58315
58723
59142
59568
59965
60394
60818
61220
61655
62113
62528
62963
63411
63834
64261
64725
65179
65613
66059
66515
66930
67368
67824
68259
68708
69174
69606
70027
70488
70985
71443
71922
72407
72838
73284
73754
74201
74622
75081
75543
75972
76429
76917
77376
77855
78331
78758
79188
79634
80041
80484
80932
81349
81771
82214
82628
83062
83510
83928
84377
84820
85228
85661
86067
86497
86943
87373
87810
88253
88663
89107
89539
89958
90404
90836
91254
91726
92159
92581
93032
93484
93878
94292
94715
95111
95534
95984
96400
96836
97298
97718
98158
98610
99051
99471
99947
100445
100903
101357
101807
102211
102647
103090
103496
103901
104295
104697
105131
105551
105946
106378
106831
107244
107703
108171
108594
109039
109483
109895
110323
110771
111186
111626
112088
112517
112964
113403
113809
114265
114700
115123
115553
115973
116397
116834
117264
117663
118093
118539
118949
119391
119836
120253
120697
121139
121565
122029
122475
122916
123353
123771
124207
124659
125078
125525
125972
126395
126843
127272
127663
128069
128497
128891
129307
129729
130122
130543
130965
131400
131795
132216
132633
133055
133473
133878
134314
134734
135136
135577
135990
136392
136824
137258
137663
138122
138553
138993
139437
139867
140300
140759
141175
141600
142046
142452
142902
143354
143767
144216
144677
145121
145584
146027
146477
146949
147369
147797
148244
148665
149101
149563
