1016
1410
1813
2209
2621
3024
3427
3815
4210
4596
4983
5345
5715
6077
6447
6833
7203
7582
7977
8354
8734
9128
9499
9894
10289
10482
10861
11071
11458
11844
12239
12626
12997
13392
13778
14149
14535
14914
15300
15695
16066
16452
16847
17032
17604
17991
18378
18756
19135
19522
19900
20279
20666
21036
21422
21801
22179
22566
22937
23122
23516
24087
24475
24861
25239
25634
25819
26400
26802
27181
27568
27970
28349
28760
29139
29517
29887
30248
30610
30987
31341
31711
32097
32467
32854
33240
33618
34005
34392
34770
35156
35552
35913
36266
36635
37030
37433
37845
38240
38634
39029
39424
39810
40230
40608
41036
41406
41842
42229
42615
43027
43387
43816
44194
44596
44983
45344
45764
46149
46536
46922
47292
47678
48064
48451
48828
49214
49601
49979
50365
50751
51146
51523
51911
52305
52683
53060
53438
53816
54186
54580
54950
55328
55706
56075
56445
56831
57193
57570
57957
58325
58704
59082
59452
59829
60215
60594
60980
61350
61728
62114
62484
62862
63266
63644
64031
64426
64813
65182
65585
65963
66358
66745
67124
67519
67907
68292
68680
69067
69453
69840
70227
70622
71009
71387
71782
72153
72539
72910
73296
73675
74054
74440
74828
75198
75584
75971
76341
76728
77106
77492
77879
78257
78628
79014
79384
79771
80149
80528
80922
81309
81695
82090
82477
82846
83250
83636
84006
84401
84787
85173
85568
85954
86348
86743
87104
87482
87868
88239
88624
88994
89371
89758
90144
90522
90917
91312
91690
92085
92479
92857
93252
93638
94016
94394
94764
95117
95493
95847
96208
96594
96956
97342
97720
98090
98467
98845
99214
99584
99970
100339
100726
101096
101474
101860
102221
102607
102985
103362
103749
104126
104504
104890
105260
105654
106025
106410
106796
107167
107553
107939
108308
108695
109064
109450
109845
110215
110609
110988
111365
111759
112138
112516
112919
113298
113693
114079
114466
114836
115231
115602
115988
116358
116728
117115
117485
117863
118241
118610
118989
119360
119739
120125
120503
120882
121269
121639
122026
122405
122774
123161
123531
123901
124263
124632
124986
125347
125709
126063
126441
126827
127198
127584
127971
128357
128744
129148
129534
129938
130341
130736
131147
131551
131946
132324
132736
133139
133534
133929
134332
134719
135105
135501
135887
136290
136686
137088
137492
137879
138274
138676
139064
139458
139853
140231
140626
141011
141398
141801
142187
142582
142976
143354
143748
144127
144513
144907
145285
145688
146074
146468
146864
147249
147652
148047
148433
148820
149214
149608
