854
1256
1635
2147
2449
2827
3222
3626
4003
4397
4793
5170
5565
5977
6362
6750
7153
7531
7933
8337
8715
9117
9504
9874
10269
10655
11033
11428
11806
12176
12570
12948
13325
13712
14089
14484
14871
15249
15651
16038
16416
16819
17204
17575
17970
18355
18733
19136
19514
19892
20295
20673
21050
21438
21808
22193
22581
22957
23352
23738
24117
24512
24890
25268
25670
26041
26428
26814
27191
27587
27965
28352
28756
29133
29520
29907
30277
30664
31050
31421
31816
32203
32580
32976
33362
33741
34144
34522
34910
35305
35683
36087
36473
36844
37239
37625
37997
38400
38778
39166
39569
39947
40334
40730
41109
41503
41907
42286
42681
43085
43471
43884
44279
44666
45077
45465
45860
46264
46650
47054
47449
47836
48248
48644
49031
49434
49813
50199
50594
50965
51351
51754
52125
52520
52915
53293
53697
54076
54470
54875
55253
55647
56049
56421
56791
57185
57580
57992
58370
58758
59161
59539
59934
60337
60725
61144
61531
61926
62330
62716
63119
63514
63893
64289
64674
65044
65413
65773
66118
66471
66823
67184
67562
67923
68300
68686
69047
69433
69812
70188
70576
70961
71339
71750
72128
72530
72916
73294
73689
74067
74461
74855
75225
75619
76014
76391
76786
77163
77534
77928
78306
78675
79054
79431
79793
80187
80565
80943
81338
81715
82102
82488
82858
83244
83622
83992
84386
84763
85134
85528
85905
86291
86694
87073
87475
87869
88248
88643
89021
89406
89800
90171
90573
90951
91330
91733
92111
92506
92893
93271
93674
94044
94439
94833
95211
95607
95985
96372
96759
97137
97524
97894
98272
98659
99021
99408
99786
100148
100535
100913
101291
101678
102047
102435
102805
103190
103578
103948
104335
104721
105083
105486
105864
106243
106638
107017
107403
107799
108168
108555
108942
109319
109706
110084
110471
110850
111219
111615
111993
112370
112765
113136
113529
113916
114278
114665
115050
115428
115824
116202
116598
116984
117361
117757
118143
118513
118907
119286
119657
120059
120429
120816
121211
121581
121976
122355
122725
123119
123489
123860
124253
124616
125002
125380
125742
126128
126490
126867
127245
127607
127993
128363
128732
129119
129489
129867
130261
130630
131008
131393
131755
132149
132519
132905
133300
133669
134063
134449
134819
135213
135584
135953
136347
136709
137095
137490
137867
138254
138641
139004
139398
139776
140163
140557
140945
141314
141861
142062
142417
142786
143172
143534
143912
144290
144652
145031
145416
145786
146173
146559
146929
147317
147710
148080
148475
148852
149229
149624
