667
1027
1377
1736
2102
2459
2818
3186
3551
3902
4261
4624
4977
5329
5687
6047
6394
6746
7102
7449
7795
8150
8511
8864
9229
9602
9976
10335
10699
11063
11422
11765
12110
12456
12801
13139
13484
13845
14219
14578
14938
15302
15672
16033
16381
16741
17103
17455
17810
18174
18540
18898
19257
19624
19997
20360
20725
21099
21474
21835
22190
22548
22907
23255
23610
23974
24342
24705
25078
25455
25824
26183
26549
26910
27260
27608
27959
28313
28662
29010
29366
29732
30101
30455
30818
31188
31555
31911
32271
32638
33005
33368
33721
34085
34454
34812
35168
35533
35910
36279
36638
37010
37389
37774
38141
38508
38874
39237
39585
39936
40293
40658
41012
41369
41730
42094
42448
42800
43153
43507
43846
44188
44535
44882
45222
45565
45914
46257
46595
46940
47288
47623
47963
48311
48658
48996
49343
49688
50024
50366
50711
51063
51405
51758
52115
52465
52804
53148
53491
53838
54177
54524
54878
55238
55588
55943
56304
56665
57012
57365
57721
58067
58413
58762
59114
59456
59801
60152
60508
60862
61208
61558
61909
62260
62600
62946
63296
63648
63989
64332
64681
65032
65386
65740
66092
66442
66801
67163
67511
67862
68217
68572
68917
69270
69624
69973
70324
70685
71048
71397
71747
72101
72455
72800
73142
73488
73835
74180
74528
74883
75244
75596
75951
76317
76682
77035
77396
77758
78117
78476
78836
79191
79537
79890
80248
80607
80958
81317
81678
82039
82391
82744
83098
83448
83802
84148
84495
84845
85191
85527
85867
86209
86546
86885
87230
87579
87920
88264
88610
88950
89286
89624
89961
90291
90621
90958
91298
91631
91972
92324
92673
93012
93363
93718
94071
94416
94760
95109
95462
95804
96145
96488
96830
97163
97499
97838
98182
98530
98877
99221
99571
99922
100273
100613
100958
101304
101643
101980
102317
102658
102992
103324
103662
104006
104346
104700
105064
105420
105766
106120
106477
106826
107171
107524
107878
108231
108576
108930
109290
109645
109994
110354
110723
111090
111445
111811
112186
112561
112924
113304
113691
114077
114449
114822
115200
115580
115942
116304
116672
117046
117406
117768
118143
118518
118882
119243
119607
119973
120329
120680
121036
121393
121744
122090
122445
122806
123169
123519
123875
124236
124595
124940
125285
125630
125977
126319
126662
127012
127369
127716
128059
128406
128750
129084
129413
129749
130092
130434
130771
131115
131468
131821
132166
132523
132887
133246
133597
133952
134308
134655
134993
135337
135685
136031
136373
136727
137079
137419
137764
138111
138446
138777
139108
139444
139775
140108
140449
140795
141132
141472
141819
142173
142521
142865
143214
143564
143909
144245
144588
144938
145285
145621
145961
146304
146651
146987
147333
147686
148041
148388
148743
149099
149446
149784
