342
698
1063
1429
1788
2134
2489
2854
3216
3562
3917
4283
4641
4990
5352
5725
6090
6445
6810
7185
7541
7901
8270
8640
8991
9346
9705
10078
10438
10795
11162
11537
11892
12251
12617
12991
13345
13700
14064
14434
14786
15140
15497
15859
16210
16559
16912
17267
17604
17945
18290
18643
18981
19329
19694
20052
20400
20759
21127
21481
21829
22186
22548
22898
23254
23618
23988
24348
24717
25096
25478
25839
26205
26573
26945
27302
27664
28026
28397
28750
29110
29480
29849
30211
30568
30931
31295
31663
32013
32364
32723
33082
33438
33782
34138
34502
34863
35209
35563
35922
36280
36624
36978
37342
37705
38051
38405
38760
39113
39456
39806
40160
40512
40860
41217
41579
41939
42289
42649
43010
43358
43701
44052
44415
44778
45128
45490
45859
46223
46571
46927
47291
47656
48005
48354
48705
49059
49404
49743
50091
50441
50784
51121
51467
51818
52171
52513
52872
53241
53609
53965
54309
54657
55009
55361
55712
56069
56434
56787
57142
57508
57880
58245
58609
58986
59376
59767
60144
60511
60888
61268
61628
61999
62379
62751
63113
63484
63863
64224
64583
64946
65316
65672
66022
66375
66730
67076
67417
67767
68126
68470
68817
69171
69527
69868
70212
70559
70909
71248
71584
71928
72280
72614
72954
73300
73655
73998
74340
74690
75048
75407
75751
76108
76470
76825
77168
77519
77876
78236
78581
78927
79279
79636
79979
80330
80693
81058
81408
81767
82132
82493
82837
83187
83542
83899
84243
84597
84960
85315
85660
86017
86384
86751
87100
87460
87824
88188
88535
88894
89265
89630
89983
90347
90719
91083
91435
91795
92167
92521
92876
93237
93604
93949
94299
94651
95004
95343
95691
96048
96410
96761
97118
97484
97849
98201
98558
98916
99266
99609
99958
100311
100656
101006
101372
101747
102108
102467
102834
103201
103551
103911
104279
104637
104989
105353
105726
106091
106450
106821
107204
107585
107952
108332
108722
109096
109453
109826
110199
110563
110916
111283
111656
112030
112383
112746
113116
113487
113842
114209
114583
114961
115323
115691
116063
116440
116797
117158
117527
117900
118251
118607
118968
119333
119685
120044
120412
120795
121173
121549
121932
122319
122690
123059
123436
123825
124235
124633
125034
125437
125850
126228
126613
127005
127400
127777
128142
128515
128890
129263
129622
129992
130372
130756
131121
131507
131902
132280
132648
133023
133403
133772
134128
134495
134873
135248
135604
135972
136349
136728
137115
137482
137847
138224
138601
138970
139329
139699
140073
140434
140786
141143
141505
141863
142205
142556
142913
143272
143616
143970
144337
144702
145049
145404
145761
146120
146460
146804
147150
147494
147823
148158
148500
148842
149174
149516
149868
