462
797
1462
1806
2126
2470
2639
3143
3479
3823
4168
4504
4840
5185
5522
5858
6193
6522
6866
7194
7515
7850
8186
8506
8834
9162
9490
9818
10138
10473
10802
11130
11449
11794
12131
12467
12803
13140
13484
13813
14141
14486
14814
15142
15470
15807
16144
16303
16690
16816
17153
17498
17843
18172
18516
18853
19181
19509
19845
20182
20518
20871
21216
21561
21898
22242
22587
22924
23268
23613
23966
24244
24647
24992
25328
25656
26001
26338
26673
27009
27345
27690
28026
28362
28699
29044
29388
29732
30069
30397
30724
31044
31363
31683
32011
32230
32642
32987
33322
33651
33988
34324
34669
34997
35326
35662
35990
36318
36638
36958
37286
37606
37933
38262
38582
38910
39245
39574
39911
40247
40583
40920
41256
41601
41929
42266
42603
42939
43267
43603
43940
44285
44621
44958
45286
45623
45950
46279
46615
46943
47271
47600
47945
48289
48618
48955
49299
49636
49972
50302
50587
50991
51336
51672
52009
52194
52674
53002
53339
53675
54021
54348
54685
55022
55358
55687
56031
56368
56704
57041
57385
57713
58050
58377
58705
59033
59369
59537
60033
60370
60715
61050
61378
61723
62059
62277
62731
63068
63403
63740
63916
64428
64764
65101
65445
65788
66125
66461
66805
67149
67478
67813
68141
68484
68813
69148
69477
69813
70141
70469
70813
71150
71486
71814
72159
72503
72832
73160
73495
73823
74152
74471
74799
75135
75464
75783
76120
76456
76792
77128
77474
77809
78145
78474
78802
79163
79491
80155
80476
80745
81157
81494
81830
82167
82496
82831
83168
83514
83866
84203
84556
84892
85229
85566
85902
86239
86574
87231
87575
87911
88232
88585
88930
89266
89602
89947
90284
90612
90940
91276
91604
91932
92261
92597
92933
93236
93623
93967
94304
94648
94986
95339
95692
96037
96399
96761
97097
97442
97787
98124
98467
98804
99141
99478
99814
100151
100487
100823
101151
101471
101782
102110
102438
102775
103127
103320
103851
104188
104549
104903
105256
105508
105962
106298
106634
106972
107299
107645
108325
108477
108661
108990
109318
109637
109966
110293
110621
110940
111277
111622
111958
112286
112622
112959
113286
113614
113935
114271
114599
114926
115246
115574
115894
116222
116533
116853
117189
117533
117879
118232
118585
118938
119291
119636
119981
120325
120662
121006
121351
121696
122033
122378
122730
123067
123395
123731
124084
124740
125069
125388
125707
126027
126338
126658
126985
127306
127633
127969
128306
128651
128836
129324
129669
129998
130334
130670
131022
131342
131687
132031
132360
132688
133024
133344
133680
133992
134143
134639
134966
135127
135615
135960
136304
136633
136977
137322
137660
137996
138341
138677
139030
139350
139703
140040
140376
140705
141025
141361
141690
142018
142346
142674
143002
143321
143633
143953
144280
144609
144777
145264
145593
145930
146274
146619
146964
147300
147646
147990
148336
148672
148822
149192
149680
149839
