2046
4096
4771
5116
5452
5783
6124
6469
6808
7144
7481
7816
8145
8466
8786
9114
9452
9787
10116
10450
10789
11124
11453
11796
12136
12471
12806
13142
13479
13809
14146
14496
14844
15188
15533
15885
16223
16559
16897
17241
17577
17906
18241
18588
18933
19275
19613
19958
20295
20631
20976
21319
21648
21983
22319
22653
22978
23319
23671
24016
24361
24723
25083
25428
25775
26121
26456
26799
27138
27465
27800
28141
28483
28820
29163
29508
29844
30181
30526
30869
31206
31553
31897
32233
32569
32897
33232
33553
33880
34210
34554
34890
35219
35562
35901
36237
36571
36909
37247
37583
37912
38248
38583
38912
39255
39586
39914
40248
40585
40915
41243
41570
41908
42261
42603
42943
43287
43622
43953
44289
44625
44951
45279
45610
45944
46272
46601
46937
47267
47593
47927
48258
48591
48921
49258
49593
49921
50250
50586
50922
51250
51585
51932
52284
52621
52962
53301
53644
53982
54326
54677
55015
55360
55696
56022
56343
56662
56983
57317
57644
57971
58301
58644
58978
59309
59653
59989
60316
60645
60978
61307
61634
61969
62307
62651
62993
63340
63694
64036
64380
64733
65078
65419
65763
66109
66451
66789
67142
67492
67829
68167
68510
68846
69182
69524
69868
70205
70542
70879
71221
71551
71893
72231
72565
72895
73238
73582
73913
74248
74599
74951
75294
75640
75992
76339
76675
77011
77348
77685
78012
78341
78683
79025
79363
79698
80037
80373
80702
81036
81382
81725
82062
82407
82747
83090
83435
83788
84131
84468
84812
85157
85493
85824
86160
86496
86822
87144
87472
87809
88145
88481
88826
89184
89525
89870
90215
90560
90895
91239
91588
91932
92274
92621
92966
93303
93631
93958
94285
94612
94933
95254
95590
95935
96278
96616
96963
97307
97641
97976
98308
98644
98977
99301
99635
99971
100300
100634
100966
101293
101620
101949
102284
102618
102942
103277
103615
103949
104277
104611
104942
105269
105597
105928
106261
106591
106935
107282
107623
107962
108307
108651
108988
109332
109670
110006
110340
110677
111015
111343
111671
112000
112341
112665
112999
113337
113681
114016
114361
114708
115052
115390
115740
116086
116416
116753
117095
117431
117759
118096
118435
118779
119115
119459
119803
120132
120461
120803
121139
121469
121805
122151
122495
122832
123178
123523
123858
124186
124522
124851
125185
125515
125858
126204
126542
126883
127230
127576
127919
128264
128616
128970
129308
129654
129999
130334
130669
131006
131350
131687
132023
132360
132703
133041
133385
133737
134075
134418
134765
135125
135469
135815
136169
136512
136841
137184
137521
137853
138187
138537
138884
139229
139582
139935
140288
140625
140968
141307
141642
141977
142322
142668
143011
143350
143694
144031
144364
144695
145029
145358
145684
146014
146358
146701
147030
147360
147696
148024
148351
148687
149023
149360
149695
