179
818
1406
1885
2398
2970
3483
3970
4542
5071
5584
6130
6660
7164
7518
7954
8189
8769
9299
9887
10367
10921
11450
11954
12551
12971
13417
13946
14651
15030
15500
15895
16197
16802
17247
17810
18355
18834
19279
19850
20362
20723
21168
21764
22276
22738
23032
23745
24342
24879
25400
26029
26525
27071
27281
27944
28490
28935
29523
30094
30564
30858
31680
32193
32722
33049
33838
34435
34947
35468
36056
36467
37132
37593
38048
38602
39157
39627
40173
40619
41165
41627
42165
42586
42955
43518
43855
44309
44519
45326
45822
46275
46553
47049
47293
47764
48100
48629
49108
49655
50193
50688
51143
51521
52193
52639
53177
53680
54142
54538
55142
55588
56184
56739
57293
57763
58318
58805
59351
59880
60376
60947
61476
61761
62500
63055
63592
64189
64684
65188
65725
66270
66808
67371
67648
68429
68950
69504
70067
70722
71218
71528
72250
72897
73107
73678
74417
74980
75249
76088
76584
77079
77658
78137
78674
79245
79480
80287
80766
81278
81547
82370
82680
83512
83974
84486
85041
85553
86116
86276
87057
87519
88023
88242
89065
89661
90056
90417
90972
91291
91795
92199
92677
93215
93744
94340
94870
95399
95903
96483
97029
97643
98138
98693
99215
99752
100291
100820
101417
101653
102468
102729
103637
104158
104646
105226
105798
106336
106865
107487
108000
108505
108867
109287
110153
110540
111002
111868
112213
112944
113549
114071
114659
115247
115802
116365
116937
117483
118113
118634
119205
119785
120045
120617
120945
121482
122028
122616
123204
123784
124338
124791
124892
125094
125145
125648
125942
126379
127034
127588
127849
128689
129285
129839
130393
130914
131518
132021
132634
132887
133475
134247
134877
135398
135860
136557
137103
137666
138305
138868
139381
139961
140533
141053
141575
141878
142727
143164
143785
144307
144643
145391
145996
146543
147056
147593
148190
148745
149358
