269
796
1307
1797
2318
2871
3411
3942
4461
4965
5442
5944
6488
7007
7544
8073
8584
9108
9678
10177
10708
11250
11755
12240
12788
13155
13674
14158
14677
15229
15732
16227
16829
17287
17812
18325
18862
19411
19960
20486
20978
21511
22046
22585
23131
23692
24216
24822
25332
25891
26394
26931
27456
27993
28581
29072
29591
30124
30674
31225
31759
32263
32766
33314
33855
34390
34889
35411
35956
36522
36997
37533
38148
38621
39136
39693
40247
40806
41300
41850
42399
42927
43430
43952
49497
49959
50547
51085
53260
53640
54627
55694
56171
56342
57411
57737
59526
59962
60435
60906
61315
61735
62213
62683
63087
63464
63859
64345
64851
65412
65758
66244
66771
67411
68025
68653
69158
69686
70267
70848
71131
71629
72244
72530
72920
73526
73995
74431
74832
75316
75833
76333
76803
77293
77804
78283
78793
79332
79867
80392
80880
81397
81945
82489
82988
83515
84057
84606
85147
85637
86134
86688
87257
87813
88353
88883
89373
89892
90431
90969
91465
91968
92513
93054
93556
94034
94565
95110
95633
96099
96614
97160
97661
98156
98693
99229
99725
100253
100788
101317
101807
102325
102860
103407
103897
104424
104965
105492
105981
106483
107008
107534
108017
108544
109095
109612
110141
110689
111221
111723
112265
112807
113305
113821
114367
114882
115370
115898
116428
116911
117443
118023
118555
119070
119603
120126
120617
121147
121675
122154
122676
123226
123709
124237
124792
125295
125832
126395
126908
127439
127990
128517
129033
129579
130120
130619
131140
131692
132212
132735
133288
133834
134346
134925
135488
136006
136578
137152
137676
138228
138808
139353
139890
140464
141024
141530
142051
142611
143164
143681
144230
144810
145330
145829
146381
146950
147488
147986
148535
149084
149593
