7518
8189
8769
12551
13946
14651
16197
16802
19850
20723
21764
23032
23745
24342
26029
27281
27944
28935
30564
30858
31680
33049
33838
36467
37132
37593
38048
39627
40619
41627
43518
44309
44519
45326
45822
46275
47049
47764
48100
48629
49108
49655
50193
50688
51143
51521
52193
52639
53177
53680
54142
54538
55142
55588
56184
56739
57293
57763
58318
58805
59351
59880
60376
60947
61476
62500
63055
63592
64189
64684
65188
65726
66271
66809
67372
68430
68951
69505
70068
70723
71219
72251
72898
73108
73679
74418
74981
76089
76585
77080
77659
78138
78675
79246
80288
80767
81279
82371
83513
83975
