1111
1514
1909
2314
2726
3122
3533
3955
4359
4777
5199
5599
6008
6425
6828
7231
7648
8058
8453
8868
9277
9672
10074
10475
10871
11280
11693
12100
12495
12902
13306
13701
14108
14514
14911
15319
15728
16123
16531
16944
17344
17753
18170
18573
18975
19396
19811
20211
20630
21046
21448
21863
22290
22695
23112
23530
23932
24352
24776
25182
25601
26018
26418
26838
27263
27674
28093
28527
28953
29361
29774
30192
30595
31011
31442
31854
32277
32707
33113
33523
33947
34371
34774
35190
35611
36019
36434
36860
37264
37685
38116
38538
38946
39378
39811
40221
40639
41074
41482
41897
42336
42754
43161
43590
44016
44427
44861
45303
45726
46147
46585
47005
47417
47859
48297
48711
49139
49577
50004
50426
50857
51296
51716
52142
52559
52964
53384
53806
54208
54631
55069
55491
55930
56394
56822
57257
57713
58137
58555
58993
59420
59835
60279
60720
61135
61554
61977
62379
62776
63167
63548
63929
64120
68356
68608
69573
69943
70728
70905
72053
72541
72904
73284
73593
73977
78154
78439
78962
79315
79668
80198
80585
81089
81544
82049
82184
82269
82689
83034
83362
83774
84103
84877
84960
85364
85844
85978
86029
86441
86862
87266
87627
87946
88367
88905
89023
89519
89914
90031
90469
90578
90939
91333
91814
92285
92798
93091
93411
93773
94118
94410
94471
94581
95159
95245
95681
96053
96505
96894
97196
97524
97819
98204
98550
99047
99451
99937
100247
100592
101072
101443
101654
102059
102458
102844
103256
103670
104077
104475
104866
105260
105650
106031
106404
106772
107106
108058
108259
112308
112677
113082
113528
113847
114328
114849
115186
115514
115951
116304
116691
117021
117516
117845
118274
118669
119097
119450
119837
120249
120627
121032
121427
121797
122217
122587
122975
123453
123748
124118
124445
124892
125286
125665
126043
126439
126783
127128
127549
127884
128676
129065
129452
129853
130247
130837
134900
135406
135741
136087
136541
136852
137239
137702
138023
138434
138847
139225
139629
139999
140419
140806
141176
141630
142044
142119
142279
142843
143212
143599
143944
144029
144482
144600
145063
145525
146055
146426
146896
147367
147696
148007
148486
148923
149293
149334
149494
149747
