64120
68357
68609
69574
70729
70906
72054
72542
73978
78155
78963
80199
82185
82270
82690
83035
83363
83775
84104
84878
84961
85365
85979
86030
88368
88906
89024
89520
89915
90032
90470
90579
93092
93412
93774
94119
94411
94472
94582
95246
95682
96054
96506
96895
97197
97525
97820
98205
98551
99048
99452
99938
100248
100593
101073
101444
101655
102060
102459
102845
103257
103671
104078
104476
104867
105261
105651
106032
106405
106773
107107
108059
108260
112309
112678
113083
113529
113848
115187
115515
115952
116305
116692
117022
117846
123454
123749
127550
128677
130838
134902
135408
136543
137241
137704
142121
142281
142845
144031
144484
