2904
3333
3754
4199
4612
5049
5487
5907
6336
6766
7186
7591
8029
8440
8853
9282
9711
10131
10544
10989
11419
11856
12285
12688
12823
13277
13614
14084
14505
14825
15337
15749
16186
16597
17018
17455
17892
18320
18766
19194
19632
20085
20531
20942
21347
21775
22137
22574
23028
23389
23861
24314
24718
25173
25600
26080
26401
26922
27115
27401
27838
28276
28714
29176
29597
30052
30488
30942
31354
31800
32170
32642
33070
33499
33928
34331
34785
35231
35652
36097
36526
36955
37376
37821
38250
38679
39116
39529
39983
40394
40840
41295
41706
42135
42598
43027
43472
43910
44338
44751
45188
45609
46013
46442
46821
47267
47721
48174
48587
49024
49487
49923
50353
50816
51262
51691
52137
52591
53003
53407
53879
54307
54711
55173
55527
56031
56469
56898
57301
57755
58200
58638
58839
58899
59260
59714
60143
60563
61009
61244
61673
62094
62523
62951
63380
63784
64213
64667
65062
65492
65902
66315
66735
67147
67559
67988
68325
68804
69224
69679
70090
70511
70931
71378
71782
72227
72681
73110
73549
73834
74187
74607
75037
75483
75929
76349
76795
77241
77662
78074
78512
78924
79286
79766
80186
80599
81011
81407
81794
82265
82686
83098
83536
83965
84386
84814
85261
85437
85808
86270
86657
87196
87422
87868
88323
88759
89180
89634
90062
90500
90785
91222
91659
92121
92583
92987
93290
93651
94112
94558
94978
95424
95869
96298
96735
97180
97600
98045
98474
98894
99314
99734
99953
100373
100743
101231
101651
102071
102525
102937
103374
103803
104214
104627
105046
105442
105803
106265
106686
107072
107509
107921
108358
108770
109199
109619
109997
110292
110636
111048
111460
111864
112276
112705
113100
113512
113924
114336
114739
115160
115580
116001
116413
116842
117262
117691
118128
118565
118986
119415
119835
120255
120676
121096
121508
121945
122374
122786
123215
123636
124048
124460
124889
125309
125730
126150
126571
127000
127412
127832
128253
128672
129085
129539
129951
130372
130784
131220
131649
132086
132523
132961
133390
133836
134273
134702
135140
135594
136022
136443
136872
137292
137712
138141
138571
139008
139436
139849
140286
140732
141135
141556
142002
142414
142616
142935
143272
143709
144122
144542
144979
145409
145846
146258
146678
147099
147502
147922
148352
148772
149192
149403
