220
647
1072
1496
1923
2357
2793
3236
3677
4109
4543
4978
5409
5831
6253
6682
7108
7536
7971
8407
8846
9290
9731
10175
10609
11044
11477
11911
12348
12783
13231
13683
14122
14555
14987
15419
15849
16286
16726
17165
17595
18025
18444
18862
19277
19700
20124
20559
20992
21425
21850
22278
22706
23138
23568
23994
24421
24853
25289
25726
26164
26597
27025
27460
27898
28339
28774
29217
29667
30120
30567
31012
31459
31911
32351
32784
33228
33672
34122
34569
35011
35459
35904
36348
36795
37229
37663
38109
38551
38996
39429
39857
40277
40704
41129
41560
41990
42416
42836
43265
43695
44122
44548
44984
45429
45866
46305
46752
47191
47631
48077
48530
48988
49438
49880
50329
50783
51235
51682
52125
52563
53029
53448
53723
54090
54306
54777
55208
55656
56224
56435
56705
57040
57812
58233
58664
59086
59508
59932
60361
60788
61221
61577
62082
62549
62954
63392
63820
64245
64671
65103
65540
65992
66452
66899
67354
67804
68243
68687
69142
69596
70045
70504
70967
71421
71861
72305
72762
73216
73665
74099
74534
74983
75432
75899
76328
76753
77171
77589
78029
78442
78757
79292
79704
80111
80524
80930
81342
81754
82157
82570
82996
83430
83852
84268
84689
85113
85530
85933
86335
86738
87143
87537
87929
88326
88734
89147
89572
90005
90437
90858
91273
91687
92100
92521
92945
93374
93807
94241
94672
95102
95540
95968
96395
96815
97231
97645
98073
98518
98956
99385
99812
100237
100666
101099
101507
101926
102351
102784
103208
103629
104052
104486
104924
105348
105772
106207
106646
107077
107503
107938
108376
108807
109238
109668
110093
110519
110953
111394
111830
112257
112685
113116
113547
113984
114425
114864
115307
115742
116181
116621
117062
117503
117938
118386
118829
119262
119693
120140
120588
121040
121478
121908
122351
122792
123233
123665
124085
124513
124952
125390
125816
126256
126706
127147
127573
128008
128447
128890
129330
129763
130196
130630
131062
131486
131908
132329
132752
133177
133592
134007
134430
134866
135297
135729
136179
136634
137075
137499
137925
138354
138791
139231
139662
140097
140522
140946
141376
141806
142232
142649
143076
143505
143922
144331
144752
145171
145596
146018
146434
146854
147283
147724
148152
148584
149016
149458
149891
