1220
1694
2151
2607
3066
3529
4006
4486
4966
5435
5886
6343
6809
7278
7731
8190
8643
9099
9567
10032
10460
10891
11331
11786
12259
12732
13186
13635
14096
14558
15022
15496
15965
16418
16866
17317
17767
18240
18770
19142
19592
20027
20492
20946
21410
21840
22290
22744
23200
23638
24100
24555
25003
25446
25903
26355
26808
27244
27685
28148
28616
29056
29486
29946
30398
30849
31288
31736
32191
32635
33084
33526
33978
34443
34915
35368
35806
36250
36705
37162
37641
38104
38551
38993
39452
39917
40392
40881
41365
41837
42294
42759
43218
43684
44160
44641
45124
45601
46069
46521
46974
47427
47892
48366
48844
49332
49818
50288
50742
51212
51686
52156
52616
53082
53560
54034
54487
54946
55414
55890
56360
56808
57279
57780
58241
58689
59157
59621
60088
60553
61018
61489
61965
62449
62981
63388
63857
64483
64822
65303
65760
66230
66699
67185
67671
68132
68586
69053
69529
69998
70451
70892
71346
71812
72288
72751
73207
73676
74165
74640
75096
75573
76062
76528
76993
77471
77948
78416
78881
79360
79848
80327
80790
81243
81707
82188
82664
83120
83570
84039
84508
84990
85444
85907
86373
86838
87292
87756
88226
88687
89155
89635
90110
90580
91066
91535
91991
92468
92952
93419
93877
94328
94792
95267
95720
96063
96661
97138
97600
98061
98531
99008
99468
99934
100398
100839
101296
101754
102388
102668
103127
103593
104044
104481
104923
105377
105839
106290
106774
107222
107687
108150
108609
109072
109540
109996
110444
110904
111372
111838
112305
112760
113211
113659
114114
114561
115018
115447
115940
116395
116860
117323
117776
118238
118697
119177
119639
120079
120530
120993
121466
121940
122391
122847
123303
123780
124252
124735
125197
125659
126134
126617
127096
127567
128027
128490
128955
129420
129906
130396
130859
131311
131767
132237
132696
133160
133591
134014
134441
134884
135343
135784
136226
136689
137171
137621
138081
138555
139033
139502
139970
140445
140914
141391
141869
142328
142815
143301
143799
144255
144728
145201
145667
146144
146621
147086
147533
148005
148489
148983
149452
