149
342
710
1088
1469
1845
2210
2585
2965
3345
3727
4098
4479
4859
5244
5612
5989
6365
6743
7109
7481
7871
8262
8655
9037
9426
9827
10229
10630
11016
11395
11786
12171
12545
12910
13288
13670
14053
14425
14806
15196
15592
15987
16375
16753
17138
17527
17915
18288
18668
19053
19439
19813
20188
20577
20969
21357
21735
22122
22512
22903
23281
23654
24027
24393
24764
25140
25522
25899
26274
26667
27062
27466
27868
28253
28648
29047
29451
29839
30225
30619
31021
31422
31807
32204
32603
33011
33412
33802
34208
34618
35034
35444
35836
36244
36666
37095
37528
37944
38366
38794
39235
39676
40095
40513
40945
41386
41832
42265
42689
43128
43576
44020
44459
44888
45330
45774
46224
46678
47109
47546
47991
48438
48869
49285
49718
50157
50606
51050
51475
51900
52336
52784
53219
53639
54073
54526
54978
55436
55888
56317
56752
57199
57641
58065
58478
58906
59342
59771
60184
60588
61009
61444
61884
62305
62731
63161
63594
64022
64435
64852
65277
65706
66134
66545
66956
67381
67814
68247
68663
69071
69491
69913
70336
70751
71152
71561
71974
72388
72794
73190
73599
74018
74440
74855
75254
75660
76069
76480
76892
77289
77692
78105
78517
78922
79319
79727
80142
80563
80970
81375
81795
82218
82637
83039
83437
83847
84262
84674
85071
85464
85868
86271
86678
87069
87454
87853
88255
88664
89065
89462
89874
90294
90726
91164
91576
91993
92411
92832
93241
93639
94050
94464
94877
95276
95673
96080
96484
96888
97276
97462
98080
98496
98901
99295
99704
100116
100534
100925
101328
101730
102123
102516
102890
103264
103641
104014
104404
104798
105195
105581
105960
106341
106732
107131
107527
107906
108298
108703
109111
109525
109924
110316
110727
111141
111561
111982
112384
112776
113184
113599
114022
114444
114849
115264
115696
116131
116562
116974
117375
117791
118212
118633
119036
119440
119867
120297
120735
121154
121565
121995
122426
122853
123266
123663
124077
124497
124916
125322
125722
126136
126557
126977
127406
127821
128238
128676
129109
129549
129988
130402
130812
131228
131643
132067
132470
132867
133268
133670
134078
134476
134863
135265
135675
136076
136473
136883
137292
137708
138107
138510
138922
139342
139754
140148
140551
140958
141369
141774
142181
142597
143023
143434
143831
144235
144642
145053
145456
145847
146249
146661
147060
147456
147863
148271
148664
149056
149452
149847
