1364
1796
2211
2644
3069
3463
3868
4271
4674
5094
5508
5918
6318
6724
7150
7590
8020
8436
8843
9264
9678
10088
10494
10888
11289
11698
12110
12514
12901
13305
13708
14114
14508
14895
15286
15680
16066
16449
16827
17212
17601
17995
18401
18796
19200
19611
20025
20436
20831
21225
21624
22007
22384
22754
23137
23517
23897
24270
24692
25044
25437
25825
26205
26605
27012
27419
27801
28194
28591
29000
29405
29801
30184
30582
30978
31368
31747
32132
32529
32917
33308
33684
34082
34479
34879
35282
35661
36060
36456
36853
37245
37636
38022
38419
38816
39201
39584
39981
40378
40769
41146
41529
41917
42302
42693
43078
43472
43889
44296
44707
45104
45503
45917
46332
46743
47149
47546
47957
48370
48780
49178
49577
49996
50408
50815
51212
51613
52029
52448
52857
53248
53663
54077
54490
54886
55290
55701
56112
56524
56919
57313
57728
58137
58549
58949
59366
59784
60206
60615
61014
61432
61841
62251
62646
63050
63461
63861
64260
64668
65082
65495
65905
66299
66705
67124
67543
67954
68383
68802
69222
69651
70076
70509
70926
71345
71780
72209
72644
73063
73467
73895
74316
74735
75136
75532
75949
76363
76774
77174
77565
77993
78421
78838
79247
79661
80087
80505
80925
81345
81764
82172
82588
83012
83414
83843
84268
84717
85530
85961
86395
86800
87229
87653
88074
88491
88891
89310
89725
90130
90531
90905
91287
91669
92056
92455
92864
93256
93660
94079
94495
94903
95301
95714
96122
96526
96920
97308
97713
98124
98546
98963
99368
99805
100249
100697
101142
101566
101998
102431
102856
103274
103671
104084
104488
104892
105282
105669
106075
106479
106886
107293
107693
108087
108494
108901
109313
109712
110102
110498
110897
111297
111696
112088
112488
112892
113301
113710
114109
114497
114903
115306
115711
116112
116496
116896
117293
117692
118081
118464
118858
119251
119640
120031
120420
120806
121194
121585
121975
122366
122749
123140
123537
123924
124311
124695
125086
125492
125896
126299
126696
127107
127525
127929
128339
128733
129131
129534
129943
130358
130770
131199
131575
132002
132421
132837
133257
133670
134089
134516
134929
135353
135759
136146
136562
136977
137393
137798
138205
138622
139033
139444
139852
140250
140646
141053
141454
141854
142240
142623
143029
143432
143846
144267
144668
145087
145516
145939
146362
146773
147170
147582
147994
148415
148820
149213
149617
