321
739
1184
1627
2053
2508
2958
3368
3821
4274
4684
5126
5568
6014
6449
6858
7279
7743
8151
8572
9049
9486
9888
10362
10769
11193
11639
12059
12484
12925
13353
13779
14229
14652
15117
15544
15999
16427
16875
17288
17738
18169
18601
19056
19506
19900
20365
20788
21199
21638
22074
22529
22942
23397
23835
24261
24712
25128
25582
26032
26454
26847
27320
27776
28216
28643
29091
29522
29977
30421
30837
31302
31756
32150
32586
33036
33461
33899
34339
34782
35217
35633
36078
36512
36934
37375
37801
38249
38655
39106
39520
39956
40375
40824
41240
41690
42115
42510
42970
43396
43810
44259
44668
45086
45525
45977
46380
46829
47269
47694
48140
48584
49007
49466
49907
50324
50760
51197
51638
52077
52476
52903
53364
53781
54210
54630
55064
55548
55993
56407
56855
57320
57753
58174
58637
59084
59523
59963
60390
60855
61291
61692
62147
62613
63044
63506
63946
64385
64852
65315
65768
66216
66675
67115
67542
67971
68421
68847
69278
69720
70139
70571
70992
71406
71832
72258
72644
73080
73522
73960
74365
74793
75229
75663
76081
76521
76922
77363
77801
78230
78678
79102
79524
79928
80362
80799
81206
81638
82076
82493
82916
83351
83796
84223
84654
85093
85517
85957
86394
86801
87275
87708
88128
88586
89016
89453
89875
90301
90753
91217
91637
92075
92539
92971
93447
93887
94290
94752
95193
95629
96058
96491
96943
97391
97836
98255
98714
99167
99567
100032
100467
100870
101341
101749
102215
102660
103111
103540
104006
104458
104892
105336
105790
106202
106660
107100
107576
108033
108521
108974
109442
109907
110384
110833
111283
111729
112201
112629
113096
113600
114053
114520
114970
115434
115860
116328
116791
117245
117696
118140
118588
119016
119467
119910
120346
120800
121234
121681
122096
122509
122974
123390
123814
124265
124690
125101
125556
125977
126404
126844
127271
127694
128124
128564
128978
129411
129832
130260
130697
131145
131566
131993
132445
132870
133308
133730
134167
134588
135005
135445
135874
136312
136739
137178
137660
138101
138522
138955
139402
139848
140272
140701
141127
141557
141996
142433
142851
143299
143723
144154
144598
145021
145469
145900
146317
146767
147209
147631
148047
148484
148877
149318
149753
