973
1409
1826
2228
2648
3080
3484
3894
4325
4755
5164
5591
6014
6420
6845
7277
7687
8111
8536
8935
9346
9774
10202
10610
11035
11472
11885
12304
12754
13174
13602
14042
14456
14894
15340
15755
16180
16615
17015
17428
17846
18244
18644
19066
19474
19879
20303
20729
21136
21549
21974
22381
22784
23207
23639
24016
24437
24858
25255
25679
26102
26501
26918
27341
27740
28152
28584
28990
29400
29828
30246
30648
31061
31492
31909
32321
32760
33212
33649
34068
34507
34966
35443
35872
36306
36761
37202
37623
38030
38435
38839
39241
39631
40041
40460
40860
41256
41675
42098
42511
42936
43384
43812
44245
44698
45120
45577
46046
46476
46939
47377
47799
48247
48687
49107
49535
49994
50421
50853
51309
51768
52204
52658
53121
53557
53968
54383
54818
55264
55709
56141
56585
57046
57479
57909
58366
58821
59248
59692
60142
60566
61008
61446
61865
62304
62725
63137
63570
64009
64420
64847
65275
65679
66103
66554
66962
67389
67839
68262
68698
69139
69563
70001
70451
70875
71325
71788
72213
72664
73125
73550
74003
74452
74875
75313
75765
76176
76615
77065
77489
77912
78362
78813
79225
79636
80074
80484
80920
81359
81785
82207
82644
83082
83493
83917
84355
84778
85216
85653
86065
86502
86929
87351
87775
88216
88637
89050
89497
89937
90348
90773
91223
91636
92045
92470
92894
93293
93704
94129
94542
94964
95417
95853
96276
96727
97167
97591
98027
98466
98879
99302
99753
100177
100600
101038
101488
101902
102342
102789
103201
103638
104076
104487
104901
105348
105761
106163
106600
107034
107435
107857
108296
108720
109128
109551
109980
110392
110815
111253
111666
112077
112500
112939
113350
113760
114172
114610
115022
115435
115874
116310
116733
117171
117584
117995
118420
118858
119272
119708
120147
120569
121008
121470
121895
122333
122785
123225
123649
124089
124536
124949
125375
125825
126249
126700
127165
127592
128052
128494
128926
129379
129821
130257
130723
131195
131623
132078
132502
132953
133376
133802
134251
134664
135086
135528
135977
136402
136843
137307
137743
138169
138631
139085
139523
139977
140453
140893
141355
141824
142268
142698
143165
143651
144090
144558
145070
145485
145974
146411
146877
147343
147782
148218
148685
149188
149653
