563
1083
1134
1210
7692
7752
7854
9425
10139
10183
11426
11695
11956
12300
12596
12930
13292
13534
15313
16525
18124
18637
22962
24096
24206
24568
25156
25534
26467
27063
27293
27410
28229
28340
29323
29919
30928
36733
39624
40961
42817
42877
43751
44869
45759
46330
47119
50203
54195
54237
57457
59197
60274
61737
61888
67412
69311
73080
73156
74358
74459
75611
77033
78395
82742
82944
83608
84299
84650
85246
85589
85863
86509
86812
87719
88047
88321
88620
88921
89275
89840
90198
90461
91394
91688
92739
93067
95812
96678
97848
98439
99285
100706
102129
103254
104387
105503
106928
109911
113690
