1311
1579
1847
2092
2343
2687
2956
3242
3527
3746
4098
4393
4662
4972
5291
5585
5879
6173
6459
6752
7055
7366
7660
7971
8256
8550
8861
9163
9482
9743
10054
10398
10583
10877
11180
11499
11591
11928
12222
12407
12835
13071
13432
13609
13962
14365
14659
14953
15273
15550
15802
16122
16458
16761
17005
17265
17668
17878
18240
18610
18820
19080
19367
19644
19762
20047
20308
20602
20905
21181
21434
21711
21829
22107
22418
22720
23031
23317
23620
23898
24209
24494
24797
24965
25369
25688
25915
26285
26571
26865
27168
27463
27748
28068
28362
28631
28984
29270
29539
29884
30187
30498
30700
31095
31405
31700
32010
32314
32616
32910
33221
33524
33827
34121
34390
34726
35029
35315
35617
35911
36214
36365
36802
37113
37374
37718
38013
38299
38534
38903
39190
39492
39795
40097
40249
40694
40997
41299
41459
41905
42199
42417
42846
43132
43392
43754
44039
44342
44603
44972
45266
45569
45821
46182
46367
46661
47056
47409
47745
48030
48366
48635
48963
49223
49584
49911
50205
50416
50717
50961
51313
51616
51733
52036
52220
52514
52951
53261
53563
53841
54160
54446
54604
55042
55344
55580
55949
56243
56469
56855
57141
57410
57763
58057
58351
58611
58948
59250
59544
59847
60124
60419
60722
61007
61200
61570
61898
62176
62478
62781
63083
63352
63680
63999
64285
64579
64907
65201
65495
65804
66115
66417
66703
67014
67282
67626
67887
68231
68533
68852
69129
69432
69776
70086
70389
70665
71002
71296
71464
71925
72211
72538
72816
73134
73445
73739
74041
74352
74520
74956
75267
75578
75737
76166
76476
76754
76938
77249
77349
77635
77929
78222
78441
78776
79087
79373
79582
79834
80237
80548
80741
81135
81412
81707
81984
82278
82554
82840
83109
83394
83545
83890
84192
84545
84796
85107
85552
85669
85963
86241
86509
86803
87080
87349
87635
87921
88080
88475
88768
89029
89240
89617
89769
90155
90457
90743
91003
91305
91583
91885
92112
92388
92725
92977
93162
93573
93859
94144
94354
94707
95001
95302
95580
95874
96151
96378
96764
97025
97360
97629
97948
98250
98544
98846
99099
99426
99738
100022
100308
100593
100761
101190
101501
101769
102021
102416
102609
102920
103356
103650
103895
104364
104583
104708
105002
105255
105565
105826
106229
106515
106850
107086
107488
107741
108043
108354
108556
108976
109286
109589
109782
110143
110471
110715
111084
111362
111622
111967
112269
112421
112764
112824
113168
113471
113741
114051
114345
114648
114925
115211
115514
115758
116095
116305
116523
116868
117120
117516
117777
118029
118306
118618
118921
119198
119451
119754
120014
120308
120578
120822
121141
121385
121687
121949
122210
122462
122782
123043
123262
123590
123851
124136
124406
124566
124928
125180
125433
125702
125988
126266
126510
126805
127090
127250
127629
127797
128159
128378
128706
128975
129236
129497
129757
129925
130303
130556
130800
131085
131295
131614
131875
132085
132430
132674
132985
133254
133464
133818
134103
134381
134650
134936
135138
135499
135676
136054
136247
136625
136818
137096
137474
137752
137978
138331
138650
138936
139146
139440
139818
140095
140389
140616
140993
141195
141573
141867
142136
142421
142707
143009
143302
143588
143831
144159
144461
144730
145049
145309
145503
145905
146115
146367
146779
146930
147366
147644
147905
148223
148501
148744
148980
149290
149677
149837
