2687
4098
10583
11591
12407
12835
13432
13962
14365
17668
18240
18610
19762
21829
24965
25369
25915
30700
31095
36365
36802
38903
40249
40694
41459
41905
42417
42846
43754
44972
46182
46661
47056
47409
47745
50416
51733
52220
52951
54604
55042
55949
56855
61200
67627
71465
71926
74521
74957
75738
76167
76939
77350
80238
80742
81136
83546
85553
85670
88081
88476
89618
90156
90458
90744
93574
94355
96765
100762
101191
102417
102921
103357
104365
104709
106230
107087
107742
108557
108977
109783
110716
112422
112825
116096
116869
117517
121142
124567
124929
127251
127630
127798
128160
129926
130304
131297
132432
133820
135140
