59
359
563
1083
1134
1210
1546
1825
2075
2362
2647
2883
3236
3538
3841
4117
4439
4732
5086
5321
5591
5875
6187
6491
6825
7095
7692
7752
7854
8172
8525
8854
9215
9425
9727
10056
10139
10183
10467
10747
11047
11251
11383
11426
11695
11956
12300
12596
12930
13292
13534
15313
16525
18124
18247
18637
22962
23206
23484
24096
24206
24568
24794
25071
25156
25450
25534
25753
26045
26400
26467
27063
27293
27410
28229
28340
28696
29323
29919
30247
30928
31222
31482
31768
32062
32382
32700
33004
33298
33650
33928
34247
34582
34910
35180
35482
35810
36120
36733
37029
37297
37642
37936
38221
38549
38793
39103
39423
39624
39977
40238
40524
40852
40961
41238
41465
41792
42070
42389
42717
42817
42877
43197
43532
43751
44086
44364
44683
44869
45136
45397
45759
46002
46330
46582
46910
47119
47447
47733
47976
48289
48573
48818
49070
49372
49673
49985
50203
50506
50850
51094
51320
51573
51910
52195
52490
52809
53044
53348
53632
53876
54128
54195
54237
54515
54758
55105
55407
55734
55978
56272
56558
56844
57103
57457
57710
58030
58307
58609
58852
59197
59442
59744
60080
60274
60652
60955
61307
61737
61888
62165
62469
62787
63024
63275
63638
63955
64191
64393
64611
64829
65065
65370
65720
66015
66311
66629
66897
67200
67411
67738
68033
68320
68605
68890
69186
69310
69555
69841
70094
70371
70649
70859
71128
71397
71616
71953
72237
72516
72743
73012
73079
73155
73382
73659
73970
74298
74357
74458
74694
75005
75248
75610
75879
76139
76401
76678
77032
77292
77595
77864
78183
78394
78781
79067
79402
79672
79974
80276
80562
80848
81169
81480
81806
82110
82489
82741
82943
83338
83607
84040
84298
84649
85120
85245
85588
85862
86508
86811
87718
88046
88320
88619
88920
89274
89839
90197
90460
91393
91687
92738
93066
93418
93699
94019
94336
94641
94933
95227
95811
96076
96677
96997
97847
98438
98690
99284
99577
100705
100991
102128
103253
103544
104386
104669
105502
105781
106927
107202
107485
107777
108091
108396
108681
108970
109289
109910
110183
110481
110797
111091
111357
113689
116604
117191
117766
118067
118359
118698
119250
119847
120160
120413
120721
121035
121305
124149
128282
128609
128879
129183
129446
129734
130030
130287
130578
130879
131728
132306
133181
134592
135458
135901
136205
136835
137340
137634
137903
138558
138861
143652
144579
144908
145092
145548
145832
146151
146754
147066
147367
147873
148587
148890
