242
636
1015
1384
1761
2155
2545
2906
3260
3621
3998
4378
4741
5101
5462
5855
6245
6621
7016
7436
7833
8210
8598
9001
9371
9749
10162
10565
10943
11333
11743
12129
12516
12920
13298
13667
14062
14468
14846
15223
15625
16003
16375
16772
17173
17535
17905
18298
18662
19031
19427
19805
20175
20544
20921
21284
21637
21997
22370
22731
23092
23477
23858
24219
24588
24965
25327
25672
26017
26403
26781
27137
27496
27884
28270
28638
29008
29397
29782
30144
30490
30859
31244
31621
31978
32347
32735
33111
33523
33820
34207
34573
34937
35314
35687
36046
36391
36745
37116
37490
37846
38206
38594
38973
39341
39701
40081
40476
40845
41224
41592
41961
42348
42735
43104
43448
43810
44223
44631
45001
45355
45735
46137
46506
46877
47278
47648
48018
48420
48806
49170
49554
49960
50329
50697
51084
51454
51809
52188
52583
52959
53313
53681
54077
54472
54842
55205
55608
56011
56390
56790
57203
57589
57979
58396
58775
59168
59590
59984
60363
60767
61178
61564
61951
62364
62756
63161
63558
63934
64320
64732
65109
65489
65907
66288
66665
67058
67471
67857
68254
68663
69051
69428
69836
70239
70625
71002
71422
71842
72229
72624
73036
73407
73777
74179
74583
74963
75347
75762
76155
76526
76906
77315
77696
78061
78426
78837
79234
79603
79956
80325
80722
81114
81477
81856
82263
82646
83022
83427
83803
84166
84546
84939
85303
85655
86024
86408
86781
87135
87488
87872
88261
88639
89018
89412
89776
90168
90555
90918
91311
91680
92052
92447
92816
93192
93572
93923
94305
94673
95027
95369
95698
96034
96372
96731
97076
97426
97814
98169
98515
98882
99252
99606
99958
100330
100690
101043
101421
101792
102151
102521
102909
103263
103640
104018
104378
104741
105126
105506
105860
106241
106633
107002
107353
107729
108107
108465
108828
109187
109541
109918
110270
110634
111003
111354
111708
112079
112431
112775
113128
113490
113857
114245
114606
114959
115335
115694
116043
116408
116778
117130
117500
117885
118240
118594
118953
119306
119666
120003
120340
120693
121042
121380
121715
122062
122391
122727
123053
123374
123715
124069
124431
124777
125131
125515
125887
126256
126645
127025
127409
127797
128168
128551
128940
129301
129670
130049
130409
130765
131149
131510
131883
132252
132605
132972
133328
133678
134035
134404
134756
135125
135519
135873
136242
136611
136964
137310
137678
138030
138369
138729
139082
139431
139788
140132
140498
140879
141232
141590
141985
142356
142709
143083
143445
143791
144142
144498
144847
145184
145543
145890
146235
146598
146973
147326
147680
148049
148401
148749
149117
149468
149807
