887
1307
1702
2097
2514
2925
3313
3699
4114
4498
4871
5262
5667
6062
6449
6859
7247
7618
7985
8380
8799
9195
9566
9953
10362
10744
11121
11523
11942
12330
12702
13095
13506
13894
14264
14649
15053
15471
15851
16228
16623
17032
17431
17810
18197
18607
19019
19398
19769
20171
20583
20971
21339
21693
22062
22441
22839
23224
23601
23973
24375
24789
25273
25641
26043
26175
26289
26759
27109
27518
27939
28342
28723
29150
29578
29964
30354
30764
31175
31589
32007
32377
32780
33217
33554
33972
34345
34731
35111
35524
35924
36304
36697
37100
37487
37852
38245
38657
39028
39395
39780
40179
40543
40911
41368
41717
42121
42484
42889
43290
43673
44069
44468
44851
45228
45635
46011
46375
46755
47158
47552
47948
48301
48671
49057
49445
49822
50194
50601
51000
51368
51746
52117
52504
52877
53279
53672
54069
54457
54833
55219
55647
56011
56324
56790
57133
57575
57969
58338
58767
59190
59546
59924
60367
60782
61240
61533
61961
62392
62810
63168
63566
63989
64395
64779
65167
65592
66020
66415
66801
67224
67642
68046
68423
68813
69222
69652
70021
70412
70836
71250
71626
72007
72408
72818
73198
73569
73945
74331
74772
75165
75551
75964
76391
76777
77163
77571
77981
78360
78726
79092
79481
79889
80276
80656
81057
81466
81847
82224
82631
83054
83469
83863
84271
84701
85094
85473
85874
86295
86691
87071
87471
87884
88288
88673
89062
89473
90329
90489
90672
90748
90991
91464
91846
92097
92467
92749
93016
93369
93686
94066
94440
94917
95313
95725
96090
96465
96860
97239
97627
98068
98408
98785
99195
99680
99967
100305
100751
101045
101480
101851
102221
102503
102850
102969
103539
103596
103639
103690
104246
104579
104865
105159
105555
105966
106471
106599
106981
107095
107809
108587
108965
109326
109712
110116
110511
110886
111265
111670
112079
112465
112836
113210
113610
114018
114398
114768
115146
115541
115934
116322
116716
117130
117558
117640
117685
118096
118657
119097
119477
120425
120760
120899
121006
121282
121593
121827
122200
122561
122915
123294
123690
124065
124428
124788
125156
125553
125910
126572
127679
127822
127944
128268
128764
129052
129513
129838
130236
130666
130944
131322
131689
132063
132834
132952
133221
133573
133930
134310
134693
135064
135423
135768
136115
136491
136882
137264
137633
137995
138372
138760
139141
139524
139877
140660
141048
141418
141785
142179
142672
142998
143334
143726
144135
144486
144800
145269
145652
145800
146280
146452
146794
147081
147224
147332
147775
148138
148483
148794
149134
149208
149274
149606
