107
595
1059
1477
1936
2415
2848
3254
3742
4219
4642
5102
5562
5985
6400
6911
7371
7802
8270
8727
9146
9582
10026
10460
10878
11331
11783
12207
12630
13066
13484
13897
14343
14783
15186
15618
16082
16510
16917
17350
17793
18221
18626
19077
19529
19938
20418
20871
21320
21783
22225
22666
23100
23587
24010
24429
24881
25326
25742
26193
26634
27067
27510
27934
28362
28788
29252
29687
30131
30589
31046
31483
31949
32417
32830
33285
33752
34207
34645
35126
35570
36016
36464
36912
37362
37800
38268
38723
39201
39633
40119
40566
40990
41454
41899
42315
42762
43248
43720
44167
44610
45073
45528
45958
46451
46916
47361
47823
48269
48722
49153
49639
50095
50562
50997
51463
51939
52391
52848
53328
53790
54217
54666
55106
55525
55972
56314
56825
57253
57714
58191
58640
59056
59502
59973
60401
60811
61260
61683
62092
62513
62953
63367
63766
64210
64670
65078
65473
65887
66319
66731
67126
67544
68001
68441
68854
69272
69662
70037
70405
70771
71157
71580
71983
72369
72772
73189
73605
73999
74405
74841
75248
75638
76052
76513
76939
77336
77778
78266
78707
79149
79643
80085
80519
80937
81331
81701
82089
82498
82889
83326
83783
84222
84639
85070
85515
85946
86358
86734
87191
87675
88126
88550
88953
89331
89708
90084
90452
90913
91389
91844
92276
92746
93208
93643
94078
94526
94955
95371
95818
96304
96736
97148
97533
97903
98275
98650
99099
99554
99964
100384
100886
101354
101775
102205
102642
103056
103470
103916
104375
104800
105219
105659
106083
106506
106978
107492
107950
108409
108860
109289
109694
110087
110514
110965
111402
111866
112334
112767
113169
113614
114070
114485
114900
115391
115850
116274
116696
117156
117598
118012
118429
118877
119317
119754
120229
120731
121185
121622
122082
122527
122952
123397
123857
124282
124700
125146
125611
126010
126492
126965
127396
127844
128291
128708
129129
129577
130016
130428
130866
131319
131745
132184
132662
133089
133486
133858
134239
134653
135083
135484
135925
136376
136806
137208
137668
138115
138528
138939
139403
139846
140245
140625
141010
141406
141796
142257
142722
143153
143555
143985
144443
144851
145257
145709
146123
146519
146980
147433
147839
148244
148691
149114
149510
