1218
1679
2118
2595
3082
3545
4037
4520
4950
5405
5862
6291
6698
7134
7578
7996
8445
8910
9323
9770
10257
10706
11168
11637
12068
12507
12955
13380
13845
14341
14797
15237
15695
16147
16581
17061
17540
17972
18413
18866
19308
19723
20191
20639
21061
21521
21992
22421
22854
23320
23783
24204
24662
25136
25597
26023
26473
26946
27379
27797
28241
28695
29119
29558
30021
30483
30908
31338
31815
32296
32726
33162
33612
34042
34453
34897
35354
35814
36257
36727
37219
37657
38081
38532
38953
39360
39792
40244
40679
41099
41541
41981
42390
42822
43298
43762
44184
44641
45124
45576
46018
46498
46984
47412
47856
48326
48795
49219
49660
50117
50549
50964
51425
51897
52334
52765
53227
53671
54087
54538
54997
55431
55863
56333
56770
57198
57684
58134
58580
59053
59481
59922
60406
60882
61340
61820
62303
62738
63185
63601
64004
64412
64820
65230
65629
66055
66502
66908
67356
67853
68303
68749
69225
69674
70100
70572
71036
71455
71875
72323
72764
73176
73624
74095
74531
74955
75437
75910
76345
76802
77272
77701
78106
78540
78982
79402
79828
80282
80718
81125
81556
81992
82412
82818
83257
83676
84074
84490
84919
85308
85695
86142
86603
87025
87434
87874
88333
88735
89135
89573
90027
90443
90859
91307
91743
92140
92570
93016
93442
93846
94287
94741
95175
95596
96070
96544
96969
97396
97857
98302
98714
99169
99641
100059
100472
100928
101413
101846
102300
102792
103277
103720
104178
104661
105111
105549
106022
106499
106931
107381
107857
108315
108733
109159
109604
110060
110477
110914
111381
111819
112228
112648
113098
113532
113936
114360
114821
115272
115682
116106
116541
116987
117405
117850
118317
118777
119203
119639
120066
120460
120873
121318
121753
122173
122624
123102
123570
123998
124460
124930
125365
125787
126245
126707
127126
127556
128024
128494
128935
129397
129880
130370
130828
131245
131676
132114
132535
132941
133372
133841
134260
134678
135144
135601
136031
136482
136944
137362
137765
138188
138589
138974
139366
139787
140217
140625
141072
141523
141932
142342
142775
143197
143611
144058
144522
144970
145388
145830
146284
146727
147153
147588
148048
148506
148944
149396
149842
