484
880
1277
1674
2064
2460
2858
3252
3639
4039
4439
4838
5238
5621
6018
6417
6812
7202
7579
7964
8353
8736
9119
9496
9867
10246
10630
11009
11387
11759
12130
12507
12886
13263
13638
14008
14376
14751
15126
15498
15870
16235
16605
16980
17351
17720
18082
18448
18815
19182
19543
19900
20263
20628
20991
21354
21711
22075
22442
22809
23174
23533
23892
24254
24613
24975
25330
25684
26046
26407
26768
27129
27485
27843
28205
28562
28920
29271
29628
29992
30354
30713
31071
31433
31800
32170
32535
32896
33265
33637
34005
34366
34727
35095
35462
35830
36195
36557
36924
37297
37670
38045
38410
38780
39157
39532
39911
40285
40661
41037
41421
41810
42196
42584
42962
43333
43708
44090
44474
44854
45239
45616
45991
46377
46766
47153
47536
47924
48301
48672
49045
49426
49811
50197
50585
50967
51340
51719
52106
52482
52854
53232
53598
53965
54338
54713
55085
55456
55831
56193
56555
56923
57299
57669
58035
58403
58775
59136
59505
59879
60255
60630
61004
61373
61738
62110
62490
62868
63241
63611
63981
64343
64715
65092
65472
65845
66218
66584
66953
67335
67714
68088
68462
68836
69199
69565
69937
70318
70699
71076
71456
71839
72214
72584
72969
73354
73738
74119
74486
74857
75235
75612
75988
76362
76727
77100
77476
77850
78220
78582
78948
79321
79693
80064
80431
80790
81152
81519
81880
82239
82598
82948
83301
83654
84016
84381
84745
85109
85476
85842
86203
86566
86933
87310
87687
88062
88436
88812
89179
89549
89927
90305
90678
91051
91416
91784
92160
92539
92912
93282
93653
94020
94385
94762
95144
95523
95903
96279
96649
97028
97410
97792
98172
98546
98932
99320
99707
100094
100472
100862
101259
101654
102048
102429
102822
103222
103621
104016
104401
104794
105191
105584
105976
106352
106733
107123
107514
107902
108292
108670
109055
109446
109830
110212
110583
110953
111329
111704
112081
112451
112816
113188
113566
113943
114319
114688
115067
115453
115832
116209
116575
116947
117325
117699
118074
118437
118798
119167
119555
119945
120330
120714
121086
121452
121822
122187
122551
122920
123293
123658
124022
124392
124761
125132
125495
125854
126220
126588
126951
127317
127681
128038
128404
128773
129145
129517
129888
130254
130624
130999
131374
131753
132130
132502
132884
133267
133648
134027
134398
134767
135147
135522
135898
136275
136645
137012
137390
137771
138151
138532
138910
139282
139665
140049
140430
140813
141195
141570
141953
142347
142736
143130
143514
143904
144302
144701
145098
145484
145873
146274
146670
147068
147458
147837
148222
148612
148999
149386
149773
