906
1278
1647
2010
2384
2754
3126
3496
3863
4236
4618
4994
5374
5850
6131
6505
6878
7262
7633
8009
8391
8767
9138
9516
9894
10267
10642
11018
11385
11760
12135
12504
12877
13244
13620
13988
14358
14727
15108
15470
15829
16207
16573
16936
17301
17666
18023
18383
18742
19096
19463
19814
20170
20524
20878
21229
21583
21931
22273
22629
22978
23322
23670
24025
24371
24718
25067
25417
25768
26122
26478
26826
27178
27537
27897
28256
28622
28979
29334
29694
30058
30416
30775
31134
31487
31841
32195
32548
32906
33270
33627
33981
34338
34705
35072
35440
35808
36168
36527
36886
37253
37613
37980
38339
38697
39061
39427
39792
40150
40505
40861
41217
41583
41944
42311
42670
43026
43391
43756
44120
44488
44850
45208
45570
45928
46287
46641
46989
47326
47677
48037
48396
48755
49119
49476
49829
50189
50551
50915
51281
51654
52022
52387
52749
53124
53526
53932
54322
54710
55092
55476
55857
56239
56620
56991
57365
57745
58132
58515
58892
59266
59648
60021
60391
60774
61157
61533
61907
62286
62657
63036
63422
63803
64184
64571
64949
65323
65711
66097
66476
66862
67244
67621
67996
68643
68762
69343
69542
69925
70300
70678
71065
71453
71834
72224
72610
72989
73369
73757
74142
74936
75329
75722
76118
76501
76878
77260
77644
78022
78395
78771
79137
79504
79879
80248
80616
80982
81341
81699
82053
82401
82748
83100
83452
83808
84159
84507
84860
85212
85565
85914
86256
86603
86953
87302
87657
88004
88356
88716
89075
89438
89810
90178
90549
90941
91316
91695
92076
92451
92825
93224
93623
94023
94412
94802
95197
95604
96013
96408
96810
97209
97601
97994
98393
98803
99204
99600
99998
100398
100793
101182
101580
101981
102370
102770
103161
103549
103954
104356
104750
105149
105538
105926
106331
106734
107135
107537
107937
108322
108712
109111
109517
109917
110246
110720
111478
111869
112267
112660
113049
113439
113823
114213
114613
115008
115392
115773
116157
116530
116907
117290
117667
118039
118420
118792
119175
119566
119956
120346
120735
121133
121517
121903
122299
122686
123066
123450
123824
124204
124590
124970
125343
125721
126090
126465
126843
127215
127581
127954
128317
128685
129061
129433
129802
130174
130540
130913
131291
131666
132039
132418
132790
133168
133553
133927
134298
134675
135042
135411
135791
136166
136544
136921
137302
137688
138064
138439
138823
139204
139581
139965
140368
140741
141117
141484
141907
142289
142671
143044
143414
143779
144195
144569
144937
145308
145689
146084
146459
146807
147179
147558
147942
148319
148697
149067
149441
149820
