510
895
1281
1676
2096
2499
2876
3271
3682
4102
4497
4900
5311
5723
6109
6480
6882
7302
7722
8125
8512
8923
9351
9754
10140
10528
10938
11349
11736
12114
12509
12912
13308
13694
14080
14492
14903
15283
15661
16063
16459
16862
17248
17635
18046
18458
18861
19239
19618
20013
20416
20811
21189
21559
21937
22324
22703
23080
23434
23804
24184
24560
24914
25259
25604
25973
26352
26714
27067
27412
27771
28143
28528
28890
29235
29572
29933
30294
30638
30991
31387
31781
32185
32579
32957
33318
33681
34058
34437
34807
35177
35563
35974
36395
36781
37160
37538
37950
38355
38758
39152
39522
39892
40286
40665
41060
41439
41834
42238
42658
43053
43440
43834
44220
44590
44960
45338
45709
46096
46466
46828
47214
47626
48029
48407
48776
49147
49533
49896
50256
50617
50987
51365
51727
52072
52433
52786
53122
53458
53787
54114
54435
54785
55139
55492
55837
56164
56517
56870
57214
57542
57887
58265
58634
58979
59323
59683
60045
60398
60742
61087
61455
61834
62186
62538
62908
63294
63663
64016
64378
64755
65115
65460
65820
66181
66534
66878
67256
67642
68029
68399
68760
69138
69524
69919
70297
70666
71035
71414
71784
72153
72532
72926
73312
73690
74061
74455
74834
75211
75580
75950
76321
76681
77034
77395
77782
78160
78522
78891
79278
79664
80034
80387
80748
81118
81479
81832
82176
82571
82950
83318
83680
84058
84437
84807
85169
85538
85916
86279
86639
87009
87396
87774
88144
88497
88866
89236
89599
89967
90338
90716
91103
91482
91875
92271
92649
93011
93390
93768
94138
94499
94869
95231
95592
95954
96323
96694
97063
97424
97803
98182
98543
98920
99315
99703
100080
100443
100813
101198
101560
101913
102267
102645
103023
103377
103729
104091
104460
104822
105184
105553
105923
106293
106646
107008
107370
107722
108066
108427
108790
109144
109487
109849
110220
110580
110926
111279
111640
111984
112321
112682
113061
113422
113776
114145
114515
114884
115255
115633
116011
116373
116735
117112
117507
117877
118255
118642
119028
119390
119750
120104
120466
120826
121171
121548
121935
122303
122642
123010
123379
123733
124085
124463
124840
125193
125538
125907
126276
126629
126973
127334
127695
128047
128400
128770
129156
129525
129870
130214
130584
130952
131313
131664
132007
132369
132724
133067
133402
133747
134109
134476
134822
135174
135536
135913
136258
136594
136962
137331
137668
137995
138356
138716
139061
139406
139767
140143
140497
140842
141202
141562
141907
142252
142622
142999
143352
143689
144058
144435
144796
145141
145500
145863
146215
146560
146954
147341
147717
148078
148439
148808
149170
149523
149874
