302
713
1101
1503
1916
2335
2731
3109
3495
3881
4259
4630
4999
5385
5781
6159
6537
6939
7352
7755
8149
8535
8930
9344
9745
10123
10510
10888
11258
11603
11947
12284
12619
12956
13334
13703
14072
14417
14753
15131
15510
15879
16224
16569
16955
17358
17720
18081
18459
18847
19215
19586
20014
20417
20796
21165
21543
21938
22317
22693
23081
23493
23904
24300
24677
25056
25434
25820
26190
26577
26989
27376
27753
28181
28600
28998
29384
29788
30198
30586
30964
31358
31761
32156
32535
32929
33334
33736
34115
34500
34930
35333
35719
36098
36501
36905
37318
37721
38115
38527
38941
39343
39729
40133
40563
40998
41359
41754
42149
42528
42906
43317
43737
44134
44520
44923
45343
45754
46149
46553
46972
47369
47754
48157
48578
48974
49359
49754
50166
50561
50940
51343
51755
52149
52536
52955
53368
53762
54156
54544
54939
55317
55704
56106
56502
56880
57267
57669
58064
58451
58846
59251
59636
60014
60392
60794
61191
61584
61971
62366
62778
63173
63559
63936
64316
64703
65087
65449
65794
66146
66533
66936
67322
67691
68079
68482
68860
69238
69632
70010
70372
70767
71171
71556
71927
72304
72690
73060
73421
73799
74178
74531
74893
75296
75681
76027
76388
76774
77144
77489
77850
78227
78597
78951
79319
79740
80136
80513
80883
81261
81639
82008
82361
82722
83116
83503
83881
84275
84672
85066
85444
85812
86175
86552
86929
87299
87652
88038
88441
88827
89197
89582
89978
90364
90741
91120
91506
91883
92245
92613
93009
93396
93782
94167
94562
94956
95327
95696
96064
96426
96771
97116
97500
97895
98257
98609
98969
99348
99717
100070
100432
100825
101203
101558
101943
102338
102706
103067
103453
103857
104235
104604
104989
105367
105730
106089
106476
106861
107223
107577
107963
108365
108743
109104
109481
109894
110280
110658
111045
111438
111808
112161
112530
112900
113269
113622
114001
114429
114824
115193
115570
115941
116301
116646
117006
117385
117762
118106
118460
118837
119223
119576
119928
120306
120684
121030
121382
121760
122128
122481
122826
123212
123623
124002
124364
124733
125118
125480
125824
126161
126522
126892
127253
127622
128000
128369
128722
129101
129495
129864
130227
130614
130999
131368
131737
132116
132485
132864
133225
133611
133990
134368
134754
135115
135467
135829
136198
136568
136922
137273
137652
138054
138425
138777
139114
139442
139778
140105
140432
140768
141122
141490
141834
142171
142558
142953
143322
143667
144011
144373
144750
145102
145440
145808
146194
146563
146908
147270
147656
148033
148402
148772
149151
149528
149881
