158
762
1214
1525
2132
2570
3003
3465
3761
4372
4830
5134
5727
6141
6568
7018
7319
7921
8346
8780
9071
9685
10092
10507
10962
11897
12328
13242
13701
14006
14580
15035
16014
16454
16928
17908
18359
19236
19694
20631
21087
22022
22440
22868
23326
24221
24661
25553
25955
26370
26822
27714
28154
29047
29472
29914
30227
30814
31259
32164
32573
32999
33905
34314
34720
35181
36114
36554
36863
37479
37898
38318
38783
39740
40165
40607
41548
41981
42268
42860
43326
44268
44688
44973
45591
46033
46339
46903
47340
48232
48638
49035
49457
49912
50824
51261
52158
52570
52988
53451
54354
54806
55732
56149
56578
57053
57988
58407
58840
59766
60182
60593
61039
61961
62374
62800
63252
64207
64631
65064
65983
66413
67263
67702
68609
69037
69488
70447
70877
71332
72316
72764
73202
74128
74581
75459
75901
76349
77231
77649
78070
78508
78927
79362
80287
80703
81573
82003
82899
83312
83738
84200
85096
85547
86495
86912
87333
87777
88226
88646
89083
89544
90433
90883
91190
91789
92207
92631
93079
93545
94438
94893
95807
96225
96648
97106
98009
98445
98892
99783
100213
100660
101561
101994
102428
102884
103774
104218
105075
105511
106373
106795
107224
107630
108057
108507
109435
109857
110282
110717
111129
111551
112005
112914
113355
114248
114660
115077
115507
115927
116389
117363
117810
118739
119166
119580
120025
120504
121437
121914
122859
123304
123754
124684
125124
126042
126465
126891
127368
128348
128795
129771
130269
130742
131235
131731
132203
132659
133133
133614
134072
134512
134966
135427
135859
136284
136714
137144
137563
137962
138365
138766
139157
140002
140407
140688
141209
141618
141910
142447
142855
143272
143692
144096
144540
145012
145888
146180
146766
147060
147633
147917
148502
148796
149387
149671
