762
1525
2132
3761
4372
5134
5727
7319
7921
9071
9685
11897
13242
14006
14580
16014
17908
19236
20631
22022
24221
25553
27714
29047
30227
30814
32164
33905
36114
36863
37479
39740
41548
42268
42860
44268
44973
45591
46339
46903
48232
50824
52158
54354
55732
57988
59766
61961
64207
65984
67264
68610
70448
72317
74129
75460
77232
80288
81574
82900
85097
86496
90434
91191
91790
94439
95808
98010
99784
101562
103775
105076
106374
109436
112915
114249
117364
118740
121438
122860
124685
126043
128349
129772
140004
140690
141211
141912
142449
145890
146182
146768
147062
147635
147919
148504
148798
149389
149673
