2494
3876
49229
49913
50645
51301
52012
52637
53144
53430
53974
54077
54835
56199
56876
57312
57592
58237
58704
59580
60033
60328
61343
61637
62213
62636
62935
63505
64236
64814
65103
65674
66358
66907
67201
67758
68041
68581
68878
69436
69721
70263
70556
71118
71411
71945
72236
72792
73097
73618
73912
75273
75564
76114
76400
76925
77218
77757
78044
78555
78849
79389
79681
80182
80480
81008
117701
117976
118549
118833
119407
119683
120217
120503
121053
121332
121867
122151
122701
122981
123510
123798
124345
124628
125442
126264
127073
127891
128692
129509
130319
131132
131943
132759
133559
134368
135156
135953
136735
137536
