1540
2494
2946
3876
4280
4695
5110
5531
5921
6316
6743
7154
7579
8037
8530
9005
9452
9920
10398
10873
11313
11734
12174
12629
13089
13511
13947
14412
14889
15324
15776
16242
16688
17121
17588
18059
18488
18933
19403
19842
20290
20752
21191
21620
22076
22545
22976
23419
23893
24353
24783
25242
25710
26144
26592
27054
27530
27963
28419
28889
29344
29776
30230
30699
31137
31587
32058
32519
32942
33391
33853
34305
34730
35173
35627
36054
36489
36937
37390
37818
38252
38708
39164
39598
40056
40526
40962
41416
41881
42307
42741
43188
43629
44039
44471
44914
45335
45766
46222
46677
47099
47541
48003
48466
48938
49229
49913
50359
50645
51301
51727
52012
52637
53144
53430
53974
54077
54543
54835
55347
55910
56199
56876
57312
57592
58237
58704
59580
60033
60328
60901
61343
61637
62146
62213
62636
62935
63427
63505
63937
64236
64814
65103
65673
66078
66357
66906
67200
67757
68040
68580
68877
69435
69720
70262
70555
71117
71410
71944
72235
72791
73096
73617
73911
74351
74747
75272
75563
76113
76399
76924
77217
77756
78043
78554
78848
79388
79680
80181
80479
81007
81387
81777
82196
82627
83038
83469
83926
84410
84883
85331
85809
86276
86704
87153
87623
88092
88521
88973
89444
89910
90344
90803
91280
91750
92185
92639
93102
93564
93990
94430
94882
95333
95752
96174
96615
97076
97547
98003
98432
98875
99326
99771
100196
100663
101133
101574
102020
102499
102970
103381
103838
104307
104732
105170
105629
106073
106506
106970
107433
107864
108307
108763
109193
109608
110045
110504
110954
111396
111858
112323
112756
113170
113602
114053
114479
114914
115372
115858
116315
116768
117700
117975
118548
118832
119406
119682
120216
120502
121052
121331
121866
122150
122700
122980
123509
123797
124344
124627
125151
125441
125983
126263
126783
127072
127608
127890
128403
128691
129224
129508
130027
130318
130848
131130
131651
131941
132471
132757
133265
133557
134077
134366
134864
135154
135667
135951
136442
136733
137244
137534
138028
138317
138837
139129
139635
139921
140418
140712
141223
141515
142001
142295
142803
143097
143630
143922
144434
144731
145279
145673
146068
146510
146798
147459
147924
148207
148819
149288
149761
