366
785
1191
1606
2028
2456
2879
3293
3714
4156
4596
5015
5424
5842
6277
6717
7137
7550
7977
8433
8896
9337
9762
10193
10646
11089
11511
11931
12365
12812
13257
13685
14105
14536
14976
15415
15859
16289
16708
17145
17593
18027
18445
18880
19329
19773
20201
20618
21034
21463
21890
22314
22722
23127
23544
23969
24396
24803
25204
25617
26036
26448
26855
27253
27645
28047
28457
28866
29261
29656
30079
30503
30925
31332
31744
32168
32591
32993
33387
33783
34185
34585
34982
35375
35778
36199
36616
37030
37430
37833
38238
38642
39058
39461
39863
40287
40715
41155
41567
41978
42400
42844
43287
43714
44132
44563
45008
45435
45846
46253
46660
47078
47505
47919
48322
48735
49159
49591
50003
50406
50827
51254
51692
52106
52510
52933
53355
53773
54177
54577
54985
55397
55809
56209
56601
57003
57419
57846
58261
58673
59098
59541
59978
60409
60815
61213
61622
62044
62480
62901
63313
63725
64155
64589
65011
65428
65827
66245
66664
67079
67478
67877
68293
68726
69161
69573
69986
70417
70852
71265
71674
72106
72537
72966
73374
73775
74187
74623
75068
75497
75911
76334
76774
77215
77637
78046
78451
78867
79294
79711
80112
80521
80956
81396
81824
82234
82634
83039
83459
83903
84313
84717
85130
85546
85964
86370
86768
87178
87599
88026
88444
88849
89256
89677
90117
90547
90963
91374
91801
92243
92672
93086
93493
93910
94343
94778
95188
95596
96013
96450
96891
97330
97747
98152
98567
99000
99433
99864
100281
100691
101115
101575
102031
102456
102875
103316
103769
104214
104635
105050
105466
105901
106349
106778
107195
107638
108101
108553
108971
109381
109808
110248
110687
111102
111513
111944
112393
112843
113264
113678
114109
114550
114986
115398
115809
116238
116679
117118
117543
117963
118369
118791
119236
119678
120094
120501
120921
121347
121776
122186
122596
123026
123465
123902
124331
124744
125148
125562
125990
126423
126856
127274
127684
128101
128537
128974
129406
129819
130230
130667
131113
131551
131973
132386
132812
133259
133717
134143
134561
134990
135434
135871
136285
136693
137113
137545
137970
138384
138800
139239
139689
140123
140536
140963
141407
141852
142285
142713
143160
143625
144088
144523
144942
145365
145803
146248
146671
147081
147499
147938
148382
148817
149238
149649
