114
533
946
1349
1761
2201
2643
3078
3502
3912
4332
4763
5199
5622
6025
6426
6823
7227
7639
8045
8444
8836
9243
9663
10088
10496
10898
11298
11711
12142
12547
12957
13376
13819
14268
14692
15100
15524
15964
16400
16809
17205
17608
18028
18450
18867
19272
19669
20079
20505
20939
21348
21745
22158
22580
23000
23403
23797
24198
24616
25037
25446
25851
26261
26686
27109
27533
27932
28339
28756
29193
29635
30062
30478
30897
31331
31761
32182
32588
32988
33405
33825
34238
34639
35024
35419
35833
36243
36647
37037
37435
37851
38268
38668
39059
39457
39862
40276
40684
41086
41474
41860
42261
42686
43110
43516
43918
44337
44771
45203
45615
46052
46503
46942
47365
47807
48255
48689
49105
49533
49978
50402
50811
51241
51686
52125
52560
52974
53371
53778
54201
54632
55043
55448
55854
56284
56729
57146
57558
58002
58450
58898
59330
59744
60181
60637
61084
61510
61940
62383
62823
63257
63661
64054
64460
64882
65308
65714
66109
66507
66915
67331
67747
68141
68531
68931
69353
69777
70194
70598
70986
71389
71808
72216
72609
73005
73429
73866
74294
74697
75090
75493
75911
76347
76760
77166
77602
78058
78508
78945
79367
79791
80236
80689
81133
81569
81992
82408
82818
83258
83716
84153
84571
84985
85403
85831
86267
86705
87115
87517
87937
88367
88797
89208
89611
90026
90458
90898
91309
91712
92129
92567
92997
93412
93813
94207
94607
95022
95440
95848
96241
96645
97057
97482
97905
98307
98703
99111
99530
99965
100382
100792
101201
101632
102065
102483
102887
103306
103734
104160
104588
104996
105401
105811
106244
106679
107096
107498
107904
108319
108737
109148
109545
109959
110387
110822
111224
111625
112034
112449
112882
113282
113678
114092
114530
114966
115392
115798
116193
116591
117002
117427
117844
118252
118651
119052
119471
119900
120337
120749
121148
121541
121940
122346
122755
123151
123545
123951
124367
124778
125172
125562
125956
126365
126775
127186
127578
127973
128381
128806
129203
129595
130001
130405
130818
131223
131615
131994
132375
132763
133155
133540
133919
134302
134695
135099
135489
135874
136269
136682
137099
137492
137877
138275
138683
139097
139489
139881
140294
140709
141121
141527
141920
142303
142696
143110
143540
143951
144357
144761
145184
145604
146021
146420
146807
147200
147606
148011
148400
148787
149174
149574
