4683
5051
5402
5762
6117
6484
6831
7180
7542
7912
8264
8626
9001
9362
9744
10069
10432
10795
11145
11495
11851
12214
12565
12911
13269
13631
13982
15054
15394
15751
16113
16486
16873
17237
17594
17959
18326
19099
19805
20219
20566
20920
21267
21613
21979
22355
22707
23064
23433
23809
24520
24866
25234
25595
25952
26310
26665
27026
27663
28507
29246
29796
30524
30935
31276
31670
32050
32410
32781
33125
33486
33819
34150
34522
34820
35362
35507
36214
36581
36944
37341
37705
38078
38481
38886
39304
39705
40103
40469
40828
41194
41584
42010
42424
42835
43294
43784
44244
44665
45104
45576
46018
46428
46855
47292
47721
48134
48535
48964
49387
49783
50171
50574
50994
51402
51784
52177
52586
52991
53431
54171
54550
54916
55295
55697
56121
56532
56913
57307
57710
58110
58478
58853
59237
59625
59995
60374
60770
61172
61542
61909
62292
62686
63063
63431
63813
64212
64617
65002
65361
65728
66096
66474
66831
67191
67581
68001
68431
68826
69245
69676
70080
70462
70860
71270
71659
72024
72407
72797
73170
73530
73901
74286
74681
75044
75424
75829
76230
76607
76990
77392
77787
78159
78539
78931
79310
79681
80055
80458
80868
81252
81629
82015
82413
82783
83148
83523
83908
84281
84645
85027
85419
85823
86199
86599
86969
87362
88497
89330
89660
90029
90412
90804
91194
92301
92680
93040
93389
93747
94124
94480
94834
95193
95571
95962
96330
96691
97066
97442
97823
98187
98542
98923
99323
99727
100105
100494
100903
101319
101736
102117
102507
102898
103287
103655
104035
104426
104822
105201
105560
105920
106299
106676
107048
107405
107775
108171
108566
108934
109304
109660
110054
110423
110778
111120
111486
111867
112223
112929
113300
113656
114002
114353
114711
115087
115455
115803
116157
116521
116890
117245
117591
117949
118313
118675
119021
119369
119726
120092
120451
120797
121152
121519
121897
122251
122601
122960
123333
123696
124048
124401
124768
125146
125510
125862
126224
126599
126969
127322
127675
128034
128400
128767
129116
129459
129819
130174
130537
130884
131233
131590
131954
132302
132649
133000
133361
133721
134059
134413
134778
135151
135510
135847
136187
136534
136905
137274
137622
137979
138354
138738
139107
139461
139819
140187
140554
140900
141254
141620
141989
142361
142716
143076
143450
143832
144199
144556
144923
145293
145665
146020
146373
146745
147135
147519
147880
148252
148624
149003
149368
149719
