1118
1489
1862
2260
2649
3019
3416
3813
4060
4174
4256
4600
4962
5347
5796
6168
6528
6911
7286
7696
8044
8427
8800
9198
9596
9944
10315
10707
11085
11457
11818
12204
12602
12986
13360
13730
14113
14513
14884
15245
15617
16004
16388
16748
17119
17506
17892
18275
18649
19033
19431
19805
20161
20523
20907
21281
21641
21974
22385
22925
23155
23592
23888
24317
24618
25057
25401
25747
26116
26480
26813
27192
27584
27955
28315
28686
29071
29430
29777
30149
30495
30880
31256
31612
31984
32369
32740
33101
33473
33843
34191
34522
34913
35232
35655
36013
36373
36772
37102
37492
37888
38232
38605
38977
39338
39696
40069
40453
40854
41320
41599
41985
42383
42759
43116
43501
43885
44285
44631
45006
45372
45774
46148
46508
46880
47276
47646
47996
48368
48740
49126
49487
49843
50218
50603
50962
51321
51704
52093
52467
52826
53209
53608
53980
54328
54698
55059
55430
55777
56136
56506
56894
57253
57612
57985
58346
58717
59064
59424
59794
60180
60540
60897
61244
61617
61989
62375
62734
63118
63531
63919
64278
64650
65022
65409
65754
66113
66486
66871
67244
67613
67975
68347
68734
69121
69465
69837
70206
70608
70980
71301
71674
72048
72416
72794
73163
73524
73873
74257
74616
74975
75389
75811
76522
77125
77303
77678
78088
78447
78831
79208
79604
79974
80342
80725
81121
81519
81921
82280
82663
83015
83450
83836
84209
84581
84967
85368
85795
86204
86602
86948
87336
87762
88162
88546
88946
89360
89799
90236
90623
91020
91423
91835
92221
92605
93007
93421
93831
94217
94590
94962
95350
95748
96132
96519
96905
97290
97692
98092
98476
98848
99220
99597
99978
100341
100712
101085
101472
101870
102255
102630
103030
103443
103854
104215
104612
104999
105402
105784
106145
106528
106982
107336
107633
107908
108282
108448
109258
109979
110352
110778
111175
111686
111917
112308
112709
113103
113479
113840
114212
114623
114998
115371
115771
116182
116636
117073
117448
117832
118233
118747
119183
119510
119762
120177
120602
121029
121401
121786
122187
122599
122986
123360
123732
124091
124517
124903
125290
125688
126103
126514
126901
127316
127700
128111
128484
128858
129232
129669
130028
130384
130786
131187
131573
131931
132344
132744
133160
133516
133890
134256
134631
135031
135407
135764
136120
136481
136914
137313
137673
138057
138445
138844
139255
139620
140003
140411
140785
141135
141505
141906
142281
142679
143006
143412
143961
144212
144489
144605
144678
145000
145424
146039
146587
147035
147372
147811
148207
148582
149005
149432
149820
