608
1031
1483
1895
2301
2729
3183
3597
4000
4433
4878
5291
5708
6146
6568
6962
7386
7816
8226
8617
9045
9472
9871
10265
10678
11107
11515
11908
12333
12776
13204
13605
14018
14456
14864
15264
15691
16136
16543
16956
17391
17832
18252
18640
19074
19517
19919
20331
20748
21179
21574
21983
22404
22823
23212
23615
24038
24437
24829
25244
25673
26073
26467
26888
27324
27732
28123
28552
28990
29424
29827
30255
30689
31109
31501
31907
32330
32757
33158
33566
33995
34434
34864
35263
35696
36130
36591
37009
37432
37878
38319
38732
39144
39580
40013
40422
40855
41318
41750
42156
42576
43003
43442
43847
44264
44706
45156
45601
46009
46422
46858
47292
47695
48113
48569
48991
49389
49815
50269
50686
51087
51515
51950
52355
52744
53164
53594
54015
54405
54827
55264
55696
56134
56539
56947
57376
57802
58208
58635
59076
59502
59903
60318
60750
61186
61589
62016
62471
62912
63320
63722
64148
64573
64976
65366
65782
66210
66640
67038
67443
67868
68287
68685
69075
69487
69903
70330
70720
71117
71528
71956
72386
72786
73207
73639
74084
74501
74893
75304
75718
76131
76526
76929
77350
77784
78195
78597
79022
79464
79896
80292
80712
81142
81556
81949
82361
82788
83226
83648
84043
84465
84896
85335
85751
86168
86608
87062
87500
87910
88347
88791
89210
89608
90029
90470
90877
91269
91692
92126
92570
92996
93387
93803
94234
94660
95071
95483
95916
96359
96763
97168
97591
98024
98418
98821
99254
99695
100096
100483
100893
101307
101718
102104
102506
102918
103329
103710
104113
104527
104942
105362
105752
106157
106581
106985
107376
107782
108202
108596
109003
109432
109844
110248
110675
111117
111528
111943
112382
112819
113220
113641
114066
114491
114891
115306
115745
116196
116618
117034
117477
117924
118345
118739
119171
119599
120003
120394
120808
121232
121690
122111
122523
122961
123381
123775
124195
124634
125064
125463
125874
126310
126751
127153
127562
127983
128403
128797
129200
129614
130028
130414
130814
131225
131655
132053
132449
132863
133299
133732
134122
134538
134971
135406
135808
136218
136645
137086
137515
137919
138341
138778
139207
139609
140017
140420
140804
141196
141602
141997
142373
142729
143083
143440
143794
144162
144535
144910
145279
145659
146020
146365
146714
147070
147409
147762
148146
148503
148878
149262
149624
