1034
1495
1931
2344
2792
3254
3673
4092
4524
4926
5338
5740
6154
6592
7010
7428
7873
8287
8690
9120
9551
9973
10372
10800
11217
11650
12050
12457
12881
13298
13687
14092
14509
14929
15318
15738
16172
16616
17020
17442
17875
18309
18747
19184
19614
20044
20465
20895
21324
21737
22150
22554
22989
23407
23801
24227
24661
25083
25474
25882
26310
26734
27134
27547
27964
28388
28782
29179
29602
30027
30418
30828
31248
31671
32073
32466
32876
33298
33704
34087
34501
34932
35341
35762
36192
36642
37086
37506
37944
38390
38836
39243
39660
40084
40505
40899
41342
41779
42195
42609
43047
43495
43934
44335
44758
45186
45630
46048
46461
46893
47331
47738
48146
48576
48999
49392
49806
50215
50636
51035
51419
51844
52244
52647
53041
53460
53888
54286
54688
55120
55540
55935
56349
56787
57186
57578
57982
58407
58830
59244
59699
60162
60608
61062
61498
61904
62324
62770
63208
63623
64065
64532
64958
65378
65794
66223
66639
67046
67453
67859
68288
68728
69155
69557
69988
70423
70842
71241
71657
72088
72517
72920
73344
73785
74223
74625
75050
75490
75927
76334
76750
77182
77597
77991
78409
78841
79272
79674
80074
80530
80969
81374
81782
82218
82650
83051
83455
83889
84312
84763
85200
85666
86145
86619
87045
87492
87948
88407
88840
89241
89654
90088
90507
90903
91337
91792
92213
92622
93043
93481
93910
94305
94709
95137
95580
95944
96305
96707
97148
97581
97970
98371
98798
99194
99567
99947
100359
100764
101141
101526
101960
102393
102797
103223
103679
104114
104539
104983
105449
105883
106308
106777
107278
107729
108205
108671
109149
109627
110075
110544
111021
111490
111928
112391
112878
113351
113802
114269
114758
115249
115695
116130
116578
117034
117455
117899
118357
118797
119217
119626
120060
120497
120917
121329
121768
122182
122584
123002
123420
123855
124256
124673
125113
125531
125934
126361
126811
127269
127717
128136
128584
129040
129492
129907
130333
130775
131222
131653
132080
132557
133009
133455
133887
134340
134786
135259
135710
136130
136562
137001
137454
137917
138352
138804
139277
139758
140239
140690
141131
141581
142019
142387
142796
143262
143713
144136
144591
145075
145522
145959
146427
146882
147314
147766
148244
148700
149130
149556
