304
710
1102
1503
1910
2307
2702
3107
3515
3920
4320
4717
5116
5517
5901
6287
6681
7089
7494
7894
8301
8727
9147
9547
9943
10351
10757
11172
11575
11990
12413
12828
13224
13628
14035
14433
14828
15225
15632
16038
16431
16829
17234
17631
18020
18421
18825
19222
19617
20019
20433
20842
21239
21641
22051
22452
22839
23236
23649
24061
24458
24868
25283
25689
26088
26490
26900
27296
27685
28082
28497
28898
29294
29697
30110
30508
30902
31300
31709
32104
32497
32896
33297
33699
34095
34482
34867
35268
35663
36051
36439
36846
37260
37658
38050
38462
38874
39267
39660
40070
40484
40883
41285
41694
42089
42485
42896
43301
43693
44093
44504
44900
45286
45679
46073
46452
46833
47235
47645
48042
48431
48827
49243
49641
50033
50440
50849
51232
51617
52015
52417
52806
53198
53612
54034
54435
54841
55261
55685
56088
56483
56881
57285
57677
58062
58460
58873
59266
59654
60058
60476
60885
61279
61668
62071
62479
62869
63259
63661
64068
64460
64847
65236
65630
66015
66397
66783
67174
67557
67934
68317
68729
69116
69508
69902
70316
70705
71088
71466
71859
72270
72660
73060
73480
73900
74302
74699
75100
75505
75895
76284
76689
77087
77478
77874
78279
78701
79118
79525
79942
80374
80794
81193
81610
81998
82405
82801
83209
83624
84041
84452
84847
85243
85657
86066
86461
86868
87286
87702
88099
88494
88914
89337
89740
90140
90560
90976
91381
91773
92171
92608
92996
93393
93802
94221
94621
95005
95384
95779
96192
96591
96992
97418
97843
98245
98637
99043
99455
99854
100253
100690
101071
101460
101844
102234
102619
102996
103379
103781
104193
104593
104988
105398
105820
106228
106620
107024
107441
107848
108231
108615
109016
109419
109821
110206
110603
111007
111423
111818
112224
112643
113071
113470
113869
114296
114713
115106
115496
115901
116315
116710
117096
117542
117913
118300
118682
119083
119485
119869
120258
120666
121070
121456
121841
122247
122664
123056
123439
123820
124213
124594
124967
125343
125762
126140
126523
126915
127327
127754
128154
128561
128967
129375
129765
130153
130561
130984
131384
131782
132205
132622
133035
133430
133842
134271
134690
135088
135482
135893
136315
136719
137114
137524
137969
138361
138754
139151
139568
139992
140394
140792
141197
141620
142047
142450
142843
143252
143674
144096
144496
144891
145302
145704
146092
146475
146859
147292
147672
148064
148469
148887
149311
149707
