789
1222
1636
2061
2491
2928
3336
3761
4187
4609
5014
5435
5866
6279
6680
7096
7511
7932
8331
8727
9144
9566
9978
10383
10776
11186
11606
12021
12419
12838
13274
13699
14106
14513
14944
15384
15788
16194
16611
17029
17422
17833
18249
18640
19033
19423
19815
20193
20562
20925
21291
21661
22059
22482
22901
23303
23705
24128
24567
24976
25380
25813
26251
26684
27095
27509
27925
28341
28746
29166
29607
30045
30465
30884
31321
31759
32184
32603
33046
33484
33927
34348
34754
35175
35597
36019
36426
36838
37254
37666
38065
38464
38882
39309
39735
40142
40548
40968
41393
41799
42197
42615
43041
43453
43853
44261
44676
45090
45491
45897
46317
46731
47126
47520
47931
48350
48755
49148
49553
49964
50373
50763
51158
51560
51964
52356
52744
53141
53554
53961
54352
54743
55169
55609
56018
56415
56831
57263
57680
58081
58496
58918
59334
59731
60116
60509
60925
61337
61729
62117
62524
62939
63342
63737
64133
64561
65002
65419
65830
66259
66698
67133
67547
67973
68407
68844
69260
69681
70111
70544
70946
71345
71749
72152
72552
72956
73381
73829
74268
74686
75119
75562
76009
76420
76835
77261
77694
78103
78507
78936
79362
79774
80176
80590
81008
81417
81812
82227
82642
83045
83447
83866
84267
84676
85062
85448
85840
86229
86607
86989
87379
87794
88199
88587
88969
89457
89786
90181
90561
90959
91374
91794
92187
92597
93046
93495
93910
94324
94757
95193
95622
96035
96442
96859
97265
97665
98075
98500
98923
99329
99752
100197
100613
101017
101427
101832
102220
102620
103036
103461
103864
104262
104679
105103
105508
105905
106312
106734
107143
107534
107934
108356
108770
109162
109550
109941
110340
110723
111106
111516
111940
112357
112763
113185
113651
114100
114523
114974
115440
115877
116284
116715
117150
117580
117990
118425
118860
119296
119702
120113
120539
120966
121372
121782
122221
122657
123074
123493
123917
124339
124746
125148
125578
126026
126446
126857
127284
127727
128151
128564
128999
129432
129857
130272
130717
131174
131626
132049
132475
132912
133350
133767
134195
134620
135026
135431
135864
136305
136734
137151
137573
138018
138449
138857
139256
139665
140087
140493
140889
141296
141717
142136
142538
142958
143398
143832
144246
144666
145100
145538
145967
146367
146765
147188
147631
148043
148465
148914
149375
149838
