140
542
912
1291
1693
2097
2465
2840
3234
3622
3990
4386
4786
5151
5504
5872
6248
6606
6960
7335
7713
8075
8442
8830
9208
9569
9946
10339
10755
11119
11499
11901
12289
12650
13035
13430
13806
14171
14560
14965
15348
15718
16109
16501
16876
17236
17625
18021
18398
18751
19110
19482
19861
20224
20591
20986
21373
21742
22113
22517
22917
23282
23653
24041
24422
24779
25165
25560
25940
26296
26660
27027
27394
27746
28104
28467
28852
29240
29611
29997
30398
30780
31143
31511
31906
32336
32730
33106
33494
33888
34265
34618
34981
35350
35720
36074
36433
36806
37171
37521
37885
38259
38632
38983
39340
39705
40071
40426
40793
41172
41540
41886
42239
42603
42977
43334
43687
44065
44446
44807
45164
45531
45896
46245
46596
46958
47330
47682
48043
48421
48806
49161
49520
49898
50277
50641
51017
51409
51795
52158
52536
52921
53294
53650
54031
54428
54820
55183
55556
55939
56302
56661
57048
57449
57823
58204
58610
58992
59351
59716
60098
60469
60824
61201
61594
61973
62333
62705
63093
63488
63852
64219
64604
65001
65374
65732
66104
66495
66884
67250
67625
68028
68413
68774
69150
69533
69913
70280
70648
71025
71397
71755
72114
72490
72884
73245
73583
73918
74250
74595
74958
75309
75650
75997
76362
76710
77052
77406
77768
78124
78467
78811
79161
79497
79827
80152
80489
80836
81172
81518
81890
82265
82634
83003
83393
83816
84218
84623
85046
85471
85867
86260
86678
87087
87458
87851
88261
88658
89029
89412
89800
90163
90513
90885
91257
91612
91962
92335
92721
93087
93442
93811
94183
94536
94892
95266
95644
95991
96347
96710
97071
97422
97787
98180
98581
98954
99327
99699
100058
100402
100754
101118
101475
101820
102175
102544
102923
103278
103636
104007
104380
104737
105096
105471
105841
106202
106577
106968
107343
107698
108066
108433
108802
109158
109529
109922
110320
110696
111073
111461
111847
112203
112569
112961
113355
113726
114088
114471
114859
115215
115584
115973
116403
116816
117199
117608
118027
118418
118807
119215
119613
119991
120386
120781
121158
121519
121891
122281
122651
123006
123383
123774
124146
124526
124921
125296
125654
126036
126417
126779
127142
127524
127893
128248
128611
128989
129349
129708
130089
130465
130816
131181
131563
131942
132318
132709
133125
133520
133894
134288
134700
135100
135488
135899
136299
136673
137043
137439
137820
138175
138532
138908
139278
139634
140000
140385
140758
141113
141487
141870
142226
142579
142953
143325
143682
144043
144428
144804
145156
145518
145900
146264
146621
147006
147388
147751
148120
148509
148873
149233
149623
