201
602
971
1371
1798
2182
2575
2984
3391
3764
4178
4599
4977
5378
5803
6201
6571
6967
7379
7752
8143
8570
8977
9347
9742
10145
10532
10943
11367
11770
12139
12530
12959
13331
13701
14093
14491
14858
15238
15630
16032
16403
16773
17172
17576
17937
18321
18725
19123
19486
19886
20291
20663
21035
21445
21851
22209
22582
22985
23366
23727
24114
24526
24899
25265
25641
26023
26370
26710
27061
27404
27770
28157
28557
28928
29310
29711
30142
30528
30914
31331
31717
32077
32461
32852
33225
33579
33955
34340
34731
35094
35448
35829
36229
36586
36949
37327
37694
38033
38367
38711
39055
39396
39755
40124
40479
40823
41186
41561
41924
42264
42617
42990
43368
43738
44093
44474
44864
45231
45590
45962
46338
46707
47082
47499
47924
48317
48729
49151
49574
49954
50348
50743
51129
51485
51863
52251
52623
52982
53366
53767
54140
54502
54893
55290
55662
56026
56427
56831
57206
57587
57971
58347
58709
59102
59512
59890
60253
60643
61036
61407
61765
62149
62531
62893
63247
63617
63990
64340
64687
65051
65410
65755
66114
66493
66869
67221
67580
67941
68299
68640
68999
69380
69753
70105
70458
70826
71192
71537
71885
72249
72617
72964
73317
73688
74049
74395
74748
75113
75474
75819
76188
76561
76915
77261
77618
77980
78344
78688
79034
79393
79758
80108
80457
80831
81204
81565
81916
82281
82650
82997
83341
83696
84055
84399
84741
85095
85451
85800
86128
86450
86769
87081
87395
87721
88054
88389
88719
89045
89381
89740
90112
90470
90821
91188
91567
91944
92301
92658
93027
93402
93762
94115
94483
94863
95210
95550
95902
96258
96621
96962
97312
97674
98036
98384
98739
99104
99479
99835
100187
100553
100919
101266
101616
101978
102355
102709
103055
103423
103791
104138
104485
104851
105216
105564
105905
106256
106610
106946
107273
107632
108011
108406
108781
109149
109531
109917
110274
110636
111002
111375
111739
112102
112477
112849
113200
113551
113909
114265
114608
114941
115285
115631
115965
116290
116625
116972
117335
117689
118041
118418
118793
119151
119488
119800
120121
120449
120775
121104
121448
121804
122162
122523
122863
123203
123561
123918
124257
124590
124934
125295
125642
125966
126279
126596
126916
127228
127537
127850
128157
128459
128756
129052
129358
129677
130012
130342
130662
130985
131320
131654
131977
132295
132630
132974
133326
133662
133992
134346
134714
135074
135411
135748
136099
136460
136812
137146
137483
137841
138210
138560
138898
139250
139611
139960
140297
140639
140980
141324
141655
141979
142311
142631
142936
143237
143540
143842
144147
144476
144828
145188
145537
145887
146264
146669
147079
147461
147827
148207
148601
148969
149320
149685
