1071
1389
1692
2001
2306
2616
2918
3213
3522
3833
4145
4454
4782
5092
5412
5728
6042
6368
6694
7013
7327
7651
7965
8274
8583
8895
9207
9510
9809
10113
10423
10742
11052
11355
11675
11994
12313
12616
12927
13238
13548
13849
14143
14452
14763
15074
15377
15680
15997
16317
16645
16963
17283
17625
17964
18307
18627
18964
19297
19625
19935
20257
20592
20926
21238
21549
21882
22212
22548
22865
23191
23512
23832
24140
24437
24752
25082
25418
25746
26072
26407
26744
27078
27393
27711
28039
28372
28693
29004
29322
29650
29971
30287
30591
30910
31229
31542
31846
32155
32475
32794
33105
33414
33726
34039
34357
34667
34970
35289
35618
35945
36274
36591
36903
37222
37542
37852
38155
38467
38784
39089
39392
39693
39996
40306
40616
40912
41215
41524
41829
42137
42434
42737
43047
43357
43668
43978
44275
44576
44887
45212
45517
45820
46113
46406
46699
47002
47297
47591
47893
48205
48515
48819
49113
49415
49723
50034
50332
50625
50927
51244
51556
51865
52161
52472
52798
53126
53446
53756
54062
54378
54690
55001
55303
55607
55919
56228
56537
56834
57143
57447
57757
58053
58354
58657
58976
59282
59582
59892
60202
60515
60831
61134
61432
61733
62029
62329
62622
62892
63195
63470
63758
64043
64345
64656
64957
65267
65577
65897
66216
66527
66829
67140
67441
67732
68021
68313
68606
68899
69187
69487
69798
70100
70402
70713
71032
71342
71653
71964
72266
72567
72880
73198
73534
73854
74175
74517
74869
75196
75525
75869
76206
76540
76860
77190
77523
77838
78148
78468
78788
79121
79434
79762
80090
80409
80721
81048
81382
81711
82022
82349
82678
82999
83311
83637
83963
84291
84612
84929
85260
85587
85908
86218
86544
86872
87199
87511
87831
88159
88486
88806
89117
89435
89756
90067
90369
90680
90999
91311
91622
91931
92243
92562
92889
93199
93520
93841
94166
94478
94798
95125
95454
95771
96083
96402
96721
97022
97326
97637
97939
98249
98551
98855
99172
99491
99811
100121
100433
100751
101071
101380
101685
102002
102320
102634
102941
103245
103557
103873
104202
104521
104826
105149
105469
105787
106093
106394
106697
107007
107311
107605
107898
108194
108504
108815
109124
109421
109723
110026
110336
110641
110942
111253
111563
111877
112195
112505
112816
113134
113455
113776
114086
114382
114682
114985
115289
115597
115893
116193
116480
116774
117069
117363
117663
117966
118277
118582
118882
119185
119494
119802
120097
120402
120717
121028
121339
121642
121954
122274
122606
122928
123247
123571
123884
124202
124521
124833
125149
125454
125763
126067
126370
126664
126963
127244
127528
127814
128108
128400
128688
128998
129301
129596
129897
130201
130517
130815
131117
131427
131740
132042
132351
132663
132977
133284
133580
133883
134196
134497
134799
135110
135422
135731
136028
136339
136664
136983
137295
137608
137935
138253
138572
138892
139217
139523
139834
140151
140469
140774
141083
141401
141722
142040
142349
142671
142991
143307
143620
143945
144272
144586
144904
145229
145556
145869
146181
146505
146832
147146
147464
147789
148102
148410
148721
149035
149344
149652
