142
461
780
1091
1401
1720
2031
2333
2644
2971
3282
3593
3903
4214
4534
4844
5154
5473
5784
6087
6405
6708
7019
7321
7623
7933
8236
8537
8832
9117
9419
9729
10040
10343
10645
10956
11274
11593
11912
12206
12509
12811
13113
13408
13702
13996
14298
14592
14886
15188
15482
15794
16103
16406
16717
17028
17330
17633
17943
18230
18532
18835
19136
19431
19741
20045
20348
20657
20969
21272
21582
21901
22229
22549
22876
23180
23499
23818
24146
24466
24794
25137
25466
25793
26122
26457
26778
27097
27433
27760
28097
28416
28752
29072
29391
29710
30029
30349
30668
30988
31299
31618
31938
32265
32584
32887
33198
33518
33838
34157
34476
34794
35113
35433
35744
36055
36366
36677
36988
37290
37592
37903
38215
38525
38828
39138
39457
39769
40088
40399
40717
41037
41348
41659
41970
42280
42584
42894
43188
43482
43777
44078
44373
44659
44969
45289
45616
45927
46238
46542
46869
47188
47516
47836
48154
48474
48785
49097
49407
49702
50003
50306
50600
50887
51172
51458
51768
52096
52432
52752
53087
53424
53768
54088
54433
54784
55130
55474
55810
56130
56449
56768
57088
57415
57743
58071
58390
58700
59011
59330
59650
59961
60272
60608
60943
61273
61607
61928
62263
62583
62901
63213
63532
63852
64162
64465
64775
65088
65414
65741
66061
66372
66699
67027
67348
67667
68002
68337
68658
68977
69295
69608
69927
70245
70556
70858
71161
71464
71775
72092
72395
72698
73009
73319
73622
73932
74251
74570
74888
75199
75510
75830
76148
76459
76769
77071
77366
77669
77978
78273
78574
78878
79188
79498
79800
80103
80421
80732
81034
81336
81639
81949
82252
82546
82840
83134
83437
83746
84056
84367
84687
85022
85351
85677
86004
86341
86685
87029
87357
87684
88012
88347
88684
89011
89338
89657
89961
90271
90597
90910
91220
91531
91840
92151
92470
92791
93109
93421
93748
94075
94410
94729
95049
95377
95711
96048
96375
96695
97005
97318
97637
97955
98275
98593
98904
99215
99527
99854
100181
100492
100804
101131
101451
101769
102088
102416
102735
103055
103365
103684
104004
104323
104633
104944
105256
105574
105877
106179
106490
106801
107120
107430
107742
108070
108397
108716
109027
109345
109665
109984
110287
110597
110908
111220
111522
111831
112134
112445
112747
113049
113359
113671
113981
114283
114587
114905
115223
115527
115830
116140
116442
116737
117038
117339
117643
117962
118264
118559
118869
119180
119498
119802
120104
120414
120725
121035
121338
121640
121943
122253
122557
122858
123169
123496
123808
124119
124430
124748
125067
125370
125673
125983
126302
126605
126914
127227
127553
127872
128176
128494
128807
129125
129427
129730
130032
130342
130645
130947
131257
131577
131896
132199
132517
132836
133156
133466
133778
134097
134425
134743
135055
135407
135745
136080
136400
136720
137046
137374
137686
137996
138307
138619
138937
139240
139551
139870
140190
140501
140812
141132
141451
141762
142080
142408
142736
143063
143374
143694
144029
144366
144684
144995
145315
145633
145961
146288
146606
146910
147228
147547
147874
148195
148514
148832
149159
149486
149806
