1021
1500
2004
2492
2989
3426
3930
4443
4905
5435
5914
6410
6831
7301
7781
8218
8723
9210
9597
10077
10539
10977
11405
11851
12305
12767
13213
13659
14129
14600
15096
15542
15995
16482
16920
17340
17794
18239
18667
18986
19574
20020
20465
20927
21390
21885
22398
22843
23323
23794
24281
24617
25189
25668
26139
26585
27082
27544
28024
28529
28992
29505
29942
30431
30935
31398
31919
32399
32903
33441
33920
34425
34921
35391
35862
36349
36828
37349
37836
38331
38835
39322
39859
40279
40858
41521
41714
42302
42780
43225
43762
44216
44702
45173
45660
46155
46651
47121
47617
48078
48574
49069
49557
50069
50598
51068
51471
52051
52555
53051
53579
54042
54571
55100
55604
56117
56621
57133
57637
58132
58637
59132
59586
60039
60535
61022
61459
61963
62332
62836
63281
63735
64180
64633
65062
65398
65976
66396
66808
67077
67555
68001
68420
69025
69462
69899
70361
70874
71361
71857
72328
72815
73277
73756
74210
74655
75151
75579
76007
76478
76931
77427
77897
78392
78846
79358
79862
80383
80862
81348
81852
82372
82869
83339
83868
84329
84750
84976
85463
86102
86547
87034
87496
87925
88378
88832
89327
89756
90159
90638
91041
91494
91796
92376
92720
93132
93669
94156
94584
94836
95357
95827
96230
96633
97179
97347
97825
98186
98623
99085
99556
99967
100421
100899
101361
101798
102226
102697
103159
103621
103974
104519
104915
105369
105856
106318
106771
107275
107830
108183
108788
109225
109662
110133
110595
110990
111494
111940
112335
112839
113227
113689
114143
114556
115001
115430
115632
116263
116675
117120
117583
118112
118474
118920
119441
119828
120265
120753
121157
121610
122022
122527
122880
123342
123746
124191
124519
125124
125443
125872
126444
126772
127225
127578
128167
128611
129090
129485
129965
130426
130847
131266
131736
132165
132586
132989
133435
133914
134217
134814
135319
135807
136287
136749
137312
137758
138213
138650
139029
139567
139979
140433
140904
141366
141837
142257
142762
143216
143703
144157
144502
145133
145544
146007
146477
146906
147352
147856
148260
148721
149075
149276
149621
