293
771
1250
1737
2225
2712
3192
3686
4174
4653
5140
5628
6116
6602
7081
7568
8055
8537
9014
9502
9997
10476
10964
11452
11932
12418
12906
13394
13874
14360
14849
15336
15822
16311
16789
17269
17755
18227
18715
19202
19689
20168
20657
21152
21633
22119
22608
23096
23582
24071
24559
25037
25526
26022
26501
26995
27491
27971
28459
28955
29442
29929
30426
30906
31385
31880
32360
32839
33333
33814
34301
34789
35276
35755
36243
36723
37202
37674
38161
38640
39119
39606
40086
40565
41053
41525
42004
42498
42970
43459
43954
44426
44920
45408
45888
46384
46864
47358
47839
48318
48804
49285
49772
50249
50738
51226
51704
52193
52689
53168
53664
54152
54631
55127
55615
56103
56607
57078
57573
58053
58533
59021
59506
59979
60467
60943
61424
61904
62384
62871
63351
63845
64330
64810
65299
65794
66265
66753
67249
67728
68207
68695
69173
69661
70155
70626
71115
71603
72089
72576
73080
73566
74064
74549
75038
75534
76004
76498
76978
77464
77952
78431
78919
79431
79899
80380
80876
81354
81842
82337
82817
83312
83800
84287
84783
85261
85748
86238
86709
87203
87675
88161
88648
89126
89607
90093
90573
91052
91531
92018
92513
93000
93471
93959
94445
94926
95413
95908
96396
96881
97369
97857
98336
98823
99310
99796
100275
100762
101250
101744
102223
102711
103197
103686
104170
104659
105146
105633
106129
106616
107111
107607
108095
108567
109054
109542
110021
110509
110997
111492
111988
112475
112971
113460
113946
114442
114923
115409
115897
116377
116873
117360
117832
118327
118806
119294
119790
120254
120741
121228
121707
122195
122683
123170
123665
124153
124640
125130
125615
126096
126589
127069
127558
128037
128525
129021
129501
129997
130491
130979
131474
131962
132450
132946
133432
133928
134416
134905
135408
135896
136383
136879
137366
137861
138349
138828
139317
139805
140299
140794
141276
141770
142258
142738
143234
143714
144201
144688
145169
145656
146143
146630
147110
147606
148086
148573
149069
149548
