1343
1807
2280
2733
3193
3658
4108
4553
5015
5482
5924
6370
6828
7277
7713
8171
8628
9063
9505
9956
10388
10823
11273
11710
12135
12571
13011
13436
13880
14349
14795
15240
15713
16172
16613
17080
17547
17995
18457
18933
19396
19855
20332
20809
21265
21728
22200
22656
23103
23569
24041
24489
24939
25408
25869
26324
26794
27268
27720
28180
28653
29111
29559
30024
30489
30931
31383
31840
32283
32716
33169
33626
34053
34499
34947
35375
35813
36266
36723
37212
37671
38058
38539
38996
39448
39902
40340
40779
41244
41705
42193
42607
43095
43560
44017
44495
44968
45429
45877
46342
46797
47238
47691
48150
48581
49025
49480
49909
50340
50798
51244
51680
52149
52614
53058
53521
53995
54437
54886
55350
55813
56259
56723
57188
57638
58072
58523
58978
59419
59859
60314
60764
61260
61690
62101
62567
63015
63424
63893
64346
64828
65328
69360
69830
70271
70714
71157
71621
72052
72492
72937
73366
73796
75590
76044
76475
77385
77868
78283
78753
79208
79651
80080
80535
81026
81403
81853
82306
82738
83178
83636
84099
84541
85011
85500
85913
86325
86772
87264
87730
88178
88629
89104
89568
90026
90480
90960
91417
91914
92298
92772
93214
93656
94121
94592
95043
95496
95962
96430
96872
97317
97776
98236
98671
99141
99574
100044
100500
100923
101379
101855
102333
102791
103242
103713
104201
104652
105105
105571
106043
106496
106957
107435
107893
108339
108803
109273
109755
110168
110650
111099
111556
112019
112462
112894
113349
113811
114288
114689
115218
116988
117462
117915
118382
118831
119274
119786
120173
120609
121052
121517
121962
122408
122946
123319
123807
124248
124728
125206
125665
126158
126612
127518
128004
128489
128948
129429
129936
130356
130807
131292
131760
132213
132650
133105
133549
133981
134438
134902
135347
135794
136260
136703
137131
137574
138022
138446
138881
139330
139772
140199
140646
141105
141542
141980
142441
142892
143324
143772
144227
144656
145079
145530
145976
146398
146832
147279
147728
148154
148606
149061
149492
