290
752
1201
1663
2125
2594
3061
3520
3968
4421
4888
5365
5835
6291
6735
7193
7655
8118
8575
9022
9474
9939
10409
10859
11311
11776
12257
12730
13186
13638
14105
14576
15046
15499
15951
16414
16877
17339
17790
18231
18686
19150
19623
20083
20538
21004
21474
21937
22390
22838
23290
23749
24212
24670
25121
25597
26072
26538
26987
27438
27900
28356
28796
29252
29734
30214
30675
31133
31605
32085
32544
32989
33443
33905
34374
34850
35310
35760
36224
36704
37180
37631
38079
38540
38999
39466
39921
40364
40822
41289
41756
42204
42649
43115
43585
44045
44492
44954
45423
45873
46319
46775
47238
47690
48137
48612
49091
49549
49996
50459
50935
51384
51827
52295
52773
53237
53694
54172
54656
55108
55556
56020
56483
56925
57369
57825
58290
58733
59184
59650
60098
60539
60994
61449
61889
62333
62811
63289
63743
64221
64710
65170
65632
66112
66585
67039
67512
67990
68443
68889
69354
69826
70280
70739
71214
71670
72120
72586
73052
73499
73953
74423
74896
75344
75804
76271
76727
77180
77653
78135
78587
79043
79512
79979
80429
80870
81322
81782
82237
82690
83138
83610
84091
84574
85042
85510
85991
86480
86949
87406
87878
88352
88806
89259
89729
90210
90678
91135
91614
92096
92554
93002
93470
93941
94401
94849
95315
95789
96259
96704
97173
97639
98092
98537
99005
99484
99946
100404
100882
101357
101813
102266
102731
103201
103656
104107
104570
105048
105512
105962
106423
106890
107343
107779
108239
108706
109178
109637
110100
110577
111052
111510
111960
112428
112897
113351
113792
114252
114718
115175
115622
116078
116541
116984
117418
117866
118314
118741
119162
119605
120064
120512
120945
121399
121860
122307
122738
123174
123618
124044
124468
124912
125351
125778
126224
126673
127104
127532
127964
128408
128845
129273
129724
130192
130634
131078
131543
132015
132469
132916
133376
133835
134294
134741
135186
135654
136125
136571
137011
137467
137932
138377
138819
139278
139739
140196
140631
141079
141532
141972
142407
142862
143324
143772
144215
144675
145131
145576
146032
146497
146962
147406
147840
148288
148750
149224
149669
