1367
1838
2324
2788
3241
3720
4191
4638
5070
5514
5979
6471
6936
7393
7894
8380
8846
9316
9780
10242
10738
11220
11670
12122
12628
13122
13596
14062
14579
15082
15566
16031
16526
17024
17514
18004
18488
18960
19467
19938
20385
20841
21342
21828
22278
22737
23223
23701
24154
24609
25075
25557
26006
26445
26888
27352
27820
28269
28724
29179
29666
30121
30570
31022
31474
31915
32351
32804
33294
33766
34212
34649
35090
35543
36021
36488
36927
37383
37876
38339
38782
39231
39683
40145
40605
41076
41543
42038
42505
42971
43455
43934
44385
44855
45329
45794
46257
46705
47151
47602
48070
48528
48970
49424
49925
50388
50829
51311
51782
52241
52691
53162
53625
54092
54535
54983
55437
55912
56376
56843
57334
57795
58231
58669
59122
59598
60049
60495
60955
61423
61860
62307
62758
63223
63665
64087
64523
64969
65405
65827
66271
66725
67187
67625
68056
68493
68929
69357
69785
70223
70669
71104
71528
71956
72396
72838
73265
73701
74146
74593
75023
75448
75894
76348
76820
77266
77717
78202
78670
79111
79550
80009
80498
80952
81388
81840
82294
82743
83186
83647
84109
84553
84983
85423
85875
86321
86751
87187
87628
88081
88518
88960
89359
89758
90174
90580
90985
91405
91840
92256
92672
93099
93550
93986
94416
94867
95357
95832
96276
96732
97227
97709
98159
98619
99087
99582
100045
100512
101023
101502
101956
102421
102909
103385
103835
104290
104757
105251
105717
106192
106698
107183
107640
108114
108630
109121
109567
110028
110503
110994
111453
111918
112410
112889
113343
113785
114237
114701
115176
115629
116095
116566
117039
117495
117948
118409
118881
119330
119785
120246
120740
121201
121655
122118
122610
123087
123538
124011
124521
125010
125465
125926
126425
126903
127356
127813
128314
128802
129262
129708
130164
130623
131110
131580
132049
132554
133042
133513
133992
134468
134933
135413
135875
136346
136835
137311
137741
138184
138642
139124
139589
140061
140565
141049
141513
141980
142447
142920
143376
143836
144332
144823
145279
145742
146203
146662
147118
147587
148075
148540
149004
149477
