813
1300
1780
2245
2719
3231
3696
4165
4627
5096
5598
6068
6531
7045
7553
8047
8509
8974
9478
9981
10453
10934
11422
11901
12393
12863
13321
13840
14339
14832
15304
15780
16294
16770
17220
17678
18171
18648
19101
19580
20057
20554
21038
21494
21961
22426
22884
23369
23828
24271
24728
25213
25688
26138
26576
27064
27544
28020
28465
28901
29355
29834
30288
30733
31187
31671
32134
32570
33003
33451
33925
34384
34820
35267
35748
36213
36677
37129
37578
38041
38489
38917
39342
39775
40234
40676
41100
41516
41940
42378
42840
43287
43722
44160
44631
45096
45546
45997
46436
46870
47330
47800
48249
48684
49124
49582
50062
50526
50987
51434
51889
52392
52875
53343
53801
54256
54744
55223
55705
56165
56623
57110
57588
58064
58520
58984
59496
59985
60467
60925
61390
61886
62378
62854
63324
63796
64298
64796
65264
65713
66167
66664
67140
67606
68066
68530
69022
69487
69936
70403
70912
71406
71886
72369
72833
73317
73769
74207
74652
75101
75579
76032
76484
76981
77457
77935
78385
78841
79345
79835
80327
80795
81264
81775
82252
82695
83121
83578
84085
84593
85095
85589
86092
86590
87079
87539
88001
88494
88991
89487
89965
90449
90989
91494
91970
92423
92892
93372
93894
94377
94855
95355
95843
96358
96840
97290
97757
98250
98708
99146
99594
100080
100550
101026
101478
101936
102395
102840
103278
103728
104212
104705
105179
105630
106059
106539
107022
107488
107924
108404
108887
109357
109827
110283
110739
111228
111704
112156
112595
113040
113534
114004
114447
114882
115339
115830
116305
116767
117227
117684
118153
118609
119051
119521
119989
120433
120863
121314
121787
122258
122711
123165
123619
124097
124560
124994
125441
125920
126401
126873
127346
127829
128334
128816
129276
129717
130158
130608
131077
131533
131997
132491
132960
133425
133890
134344
134831
135299
135745
136189
136654
137171
137677
138160
138644
139116
139604
140058
140521
141011
141502
141970
142449
142952
143385
143910
144382
144826
145276
145737
146244
146713
147203
147738
148187
148655
149096
149551
