392
765
1148
1499
1849
2211
2598
2988
3360
3706
4066
4438
4807
5185
5532
5905
6210
6570
6942
7356
7671
8030
8390
8833
9502
9860
10202
10560
10932
11282
11643
12122
12601
12925
13506
13862
14262
14638
14998
15370
15768
16160
16561
16931
17312
17663
18031
18383
18737
19098
19511
19899
20285
20645
21043
21442
21843
22201
22590
22950
23321
23691
24045
24384
24737
25105
25495
25866
26108
26623
27008
27357
27762
28158
28559
28878
29235
29636
30019
30395
30754
31125
31510
31909
32284
32645
32998
33348
33697
34108
34443
34812
35173
35560
35895
36269
36666
37068
37452
37811
38173
38534
38931
39354
39717
40088
40449
40837
41273
41653
42035
42420
42845
43232
43648
44048
44427
44845
45220
45615
46013
46403
46767
47133
47510
47908
48304
48692
49054
49381
49723
50135
50524
50945
51240
51615
51944
52302
52667
52996
53395
53718
54115
54475
54873
55181
55526
55880
56237
56593
56927
57262
57578
57893
58247
58607
58950
59299
59608
59945
60301
60672
61044
61373
61687
62015
62349
62713
63078
63399
63725
64074
64442
64812
65166
65507
65839
66172
66518
66858
67199
67549
67893
68240
68524
68838
69148
69477
69837
70187
70535
70870
71198
71535
71888
72251
72609
72929
73263
73572
73898
74265
74622
74916
75238
75568
75941
76329
76730
77097
77446
77771
78103
78447
78783
79143
79489
79829
80151
80488
80844
81202
81554
81884
82215
82541
82873
83232
83580
83906
84222
84553
84910
85274
85621
85979
86297
86656
86991
87350
87699
88033
88377
88722
89086
89442
89776
90105
90433
90765
91121
91469
91817
92172
92501
92887
93253
93590
93944
94294
94679
95053
95401
95733
96067
96404
96759
97161
97471
97814
98160
98504
98880
99292
99627
99960
100290
100636
101012
101440
101811
102156
102494
102885
103266
103628
103968
104307
104640
104988
105349
105694
106027
106397
106731
107110
107491
107860
108226
108592
108926
109262
109605
109969
110321
110649
110974
111319
111650
111997
112347
112682
113012
113345
113680
114039
114411
114771
115106
115441
115785
116134
116506
116869
117208
117543
117933
118246
118623
118972
119320
119649
119997
120334
120718
121067
121396
122086
122851
123209
123546
123906
124239
124599
124986
125323
125671
126050
126438
126833
127222
127549
127903
128266
128652
129027
129372
129746
130106
130495
130869
131228
131586
131947
132326
132721
133121
133505
133867
134213
134555
134935
135350
135720
136078
136427
136827
137206
137576
137920
138266
138614
139000
139387
139748
140098
140469
140869
141254
141613
141978
142347
142562
143175
143448
143956
144166
144601
144975
145316
145674
146032
146415
147550
148021
148450
148774
149084
149460
149844
