980
1351
1734
2111
2494
2858
3218
3558
3906
4271
4640
5017
5364
5721
6095
6486
6874
7241
7603
7965
8334
8708
9061
9402
9751
10105
10497
10859
11203
11542
11893
12279
12679
13046
13400
13741
14103
14472
14844
15204
15542
15889
16235
16602
16963
17309
17647
17984
18329
18687
19063
19407
19748
20095
20455
20821
21193
21546
21879
22233
22597
22988
23382
23737
24081
24437
24800
25182
25542
25888
26231
26578
26938
27313
27668
28010
28356
28713
29098
29489
29880
30240
30579
30936
31317
31743
32168
32590
32973
33337
33695
34086
34513
34928
35315
35692
36080
36507
36934
37346
37725
38103
38480
38883
39295
39678
40057
40400
40771
41167
41580
41954
42314
42679
43072
43472
43840
44184
44532
44895
45262
45648
46026
46366
46713
47073
47450
47830
48193
48543
48899
49271
49672
50074
50468
50830
51168
51512
51877
52266
52680
53068
53428
53781
54170
54583
54967
55319
55675
56034
56406
56792
57131
57476
57835
58180
58554
58918
59271
59623
60011
60364
60755
61121
61467
61805
62158
62518
62881
63231
63568
63925
64297
64679
65044
65390
65731
66093
66447
66843
67180
67531
67868
68225
68585
68965
69319
69667
70014
70366
70735
71111
71474
71822
72164
72513
72876
73231
73580
73913
74250
74605
74982
75358
75706
76045
76388
76734
77100
77477
77853
78202
78534
78869
79239
79625
80028
80405
80754
81100
81467
81841
82224
82580
82920
83276
83644
84022
84404
84766
85117
85482
85865
86250
86616
86972
87320
87689
88072
88461
88861
89225
89571
89922
90306
90689
91055
91436
91800
92160
92544
92945
93347
93738
94087
94449
94811
95230
95659
96060
96427
96806
97177
97583
97982
98346
98703
99052
99436
99835
100212
100571
100925
101296
101672
102055
102431
102770
103101
103464
103830
104205
104571
104925
105266
105761
106007
106412
106875
107157
107497
107870
108188
108549
108932
109327
109688
110034
110383
110736
111127
111508
111875
112250
112561
112919
113287
113682
114060
114417
114749
115077
115419
115856
116277
116711
117129
117512
117893
118304
118703
119109
119518
119914
120286
120635
120979
121355
121747
122139
122494
122938
123183
123564
123764
124026
124350
124741
125095
125478
125786
126137
126515
126880
127224
127656
127920
128320
128702
129082
129457
129768
130140
130507
130886
131300
131668
132024
132396
132798
133205
133610
133994
134350
134691
135073
135416
135771
136147
136510
136886
137307
137710
138126
138483
138862
139237
139624
140023
140425
140781
141123
141472
141867
142272
142706
143095
143460
143842
144240
144670
145087
145474
145847
146238
146584
146994
147396
147816
148197
148599
148976
149424
149812
149868
