850
1211
1561
1916
2273
2625
2987
3345
3714
4105
4483
4864
5266
5665
6041
6419
6801
7179
7549
7920
8294
8691
9093
9477
9871
10260
10651
11044
11428
11807
12170
12543
12921
13294
13660
14031
14406
14772
15141
15511
15879
16244
16601
16960
17325
17678
18039
18413
18789
19149
19516
19885
20242
20597
20953
21305
21647
21993
22341
22696
23043
23402
23775
24143
24496
24853
25217
25587
25951
26306
26668
27028
27388
27756
28120
28488
28861
29226
29596
29955
30308
30660
31008
31353
31709
32075
32444
32816
33185
33547
33910
34274
34627
34983
35341
35694
36044
36392
36729
37064
37408
37767
38118
38484
38859
39227
39598
39974
40345
40705
41077
41455
41826
42203
42583
42966
43344
43726
44111
44486
44868
45252
45635
46011
46392
46775
47156
47527
47905
48273
48639
48998
49362
49726
50101
50471
50847
51234
51610
51985
52355
52714
53061
53412
53771
54132
54485
54839
55202
55570
55948
56316
56683
57056
57425
57789
58152
58508
58862
59216
59577
59935
60290
60655
61012
61370
61735
62102
62466
62831
63193
63557
63912
64260
64617
64978
65340
65697
66060
66425
66784
67147
67511
67877
68236
68592
68957
69320
69680
70041
70397
70753
71115
71483
71842
72210
72577
72943
73310
73679
74045
74415
74790
75156
75522
75883
76244
76602
76965
77336
77713
78088
78464
78837
79200
79569
79937
80300
80664
81043
81426
81813
82191
82564
82941
83316
83682
84041
84409
84786
85170
85546
85935
86329
86715
87109
87495
87869
88244
88616
88987
89351
89697
90045
90395
90752
91113
91472
91847
92228
92599
92971
93348
93721
94086
94455
94834
95186
95528
95883
96236
96576
96924
97278
97636
97980
98332
98693
99031
99368
99727
100066
100392
100726
101055
101380
101703
102026
102348
102677
103003
103334
103671
104010
104348
104689
105027
105376
105722
106076
106441
106826
107191
107574
107953
108338
108721
109089
109463
109835
110202
110557
110916
111283
111653
112032
112421
112801
113185
113572
113955
114329
114685
115054
115424
115799
116166
116538
116915
117288
117661
118036
118402
118768
119137
119507
119884
120251
120620
120989
121356
121724
122089
122459
122829
123201
123570
123943
124321
124700
125074
125457
125835
126213
126598
126982
127369
127750
128123
128496
128871
129241
129600
129964
130326
130688
131040
131390
131754
132126
132489
132863
133240
133608
133979
134354
134728
135096
135459
135815
136166
136513
136868
137230
137601
137974
138356
138738
139118
139493
139890
140263
140619
140984
141349
141696
142048
142401
142748
143105
143470
143839
144220
144598
144976
145341
145710
146075
146431
146791
147155
147511
147864
148218
148566
148906
149255
149603
