914
1298
1667
2051
2446
2829
3195
3571
3949
4322
4701
5078
5460
5851
6220
6598
6977
7354
7720
8101
8480
8850
9219
9578
9927
10291
10664
11063
11447
11831
12230
12609
12984
13366
13743
14101
14449
14810
15182
15563
15917
16271
16632
16998
17357
17717
18093
18472
18848
19211
19600
19995
20391
20763
21129
21508
21879
22248
22602
22965
23333
23707
24073
24459
24865
25250
25628
26022
26416
26788
27154
27517
27876
28218
28566
28949
29357
29752
30128
30537
30943
31345
31729
32105
32486
32858
33224
33576
33944
34320
34698
35074
35435
35816
36199
36581
36944
37304
37687
38074
38439
38814
39199
39575
39940
40293
40657
41031
41420
41807
42181
42568
42981
43377
43755
44113
44474
44849
45223
45592
45953
46322
46698
47085
47456
47825
48211
48595
48975
49341
49712
50086
50454
50821
51194
51580
51971
52357
52731
53097
53466
53829
54199
54568
54944
55342
55748
56150
56548
56931
57328
57726
58105
58481
58876
59266
59640
60004
60385
60763
61127
61489
61864
62238
62615
62990
63375
63766
64147
64522
64879
65242
65601
65958
66317
66676
67047
67426
67800
68157
68530
68898
69261
69618
69981
70366
70746
71117
71477
71843
72216
72591
72958
73318
73696
74077
74451
74807
75165
75535
75911
76297
76683
77050
77427
77804
78180
78546
78911
79289
79681
80068
80462
80823
81193
81560
81922
82281
82640
83031
83441
83859
84282
84722
85156
85574
85995
86401
86789
87153
87523
87890
88249
88614
89004
89407
89795
90169
90573
90988
91387
91768
92161
92543
92919
93300
93659
94018
94390
94771
95149
95526
95933
96331
96716
97090
97453
97834
98208
98580
98951
99325
99709
100094
100467
100824
101188
101557
101923
102290
102652
103012
103398
103788
104180
104557
104953
105356
105747
106130
106523
106917
107295
107658
108027
108394
108770
109148
109523
109919
110333
110738
111134
111553
111968
112366
112753
113149
113541
113920
114277
114631
115007
115399
115792
116185
116608
117021
117436
117832
118234
118642
119041
119435
119814
120198
120591
120983
121350
121721
122114
122512
122902
123280
123672
124061
124443
124822
125195
125552
125925
126296
126664
127035
127410
127777
128136
128515
128911
129299
129673
130031
130393
130756
131112
131470
131818
132177
132549
132928
133317
133698
134083
134481
134877
135264
135647
136043
136430
136804
137174
137536
137900
138268
138638
139008
139373
139736
140099
140480
140862
141240
141619
141987
142363
142739
143111
143484
143850
144203
144563
144924
145286
145638
145987
146353
146731
147104
147465
147830
148215
148590
148958
149325
149683
