1366
1769
2197
2635
3332
3744
4105
4567
4970
5374
5559
5962
6382
6618
6996
7408
7602
8022
8458
8853
9257
9694
9887
10357
10770
11157
11526
11804
12040
12434
12795
13242
13653
14065
14536
14940
15292
15528
15940
16369
16604
16966
17369
17714
17983
18218
18621
18983
19378
19823
20277
20681
21084
21496
21883
22312
22698
23110
23505
23950
24455
24816
25220
25489
25665
26204
26598
26968
27371
27842
28279
28690
28985
29539
29925
30321
30682
30968
31136
31640
31825
32219
32630
33051
33286
33681
34093
34286
34705
35134
35739
35940
36352
36772
36973
37427
37830
38191
38603
39090
39484
39871
40224
40493
40702
41139
41576
41954
42399
42828
43306
43727
44155
44542
44986
45440
45843
46037
46456
46885
47129
47515
47927
48305
48742
49187
49573
49767
50179
50599
50792
51237
51649
52052
52489
52893
53288
53683
54086
54473
54902
55339
55725
56061
56321
56969
57372
57792
58171
58406
59079
59524
59902
60339
60582
61230
61684
62087
62498
62918
63187
63927
64339
64725
65112
65598
65985
66405
66816
67220
67674
68094
68480
68876
69296
69758
70179
70591
70977
71372
71885
72280
72642
73087
73541
73987
74424
74794
75214
75704
76130
76550
76954
77425
77887
78375
78779
79191
79586
79889
80570
80923
81327
81621
81823
82302
82714
83075
83546
83975
84412
84824
85194
85446
85698
86102
86287
86690
87103
87547
87783
88187
88556
88944
89213
89431
89886
90272
90465
90885
91306
91937
92357
92769
93139
93584
93996
94342
94795
95258
95644
96048
96274
96889
97326
97797
98201
98554
98974
99242
99453
99865
100286
100663
100916
101168
101555
101925
102167
102597
103245
103648
104052
104505
104951
105371
105783
106195
106624
107086
107481
107877
108079
108499
108717
109154
109541
109953
110331
110794
111189
111584
112013
112450
112837
113282
113644
114073
114485
114905
115317
115687
116107
116586
116981
117369
117772
118125
118419
118629
119041
119445
119849
120286
120757
121143
121337
121749
122177
122429
122825
123236
123623
124060
124531
124935
125338
125750
126229
126666
127036
127498
127936
128398
128768
129003
129457
129692
130155
130600
131053
131456
131952
132347
132776
133196
133666
134061
134430
134918
135330
135741
136119
136632
137052
137472
137926
138194
138396
138824
139278
139673
139924
140588
141050
141428
141840
142310
142721
143142
143536
143956
144410
144855
145048
145468
145913
146098
146619
146997
147425
147644
148080
148265
148727
149131
149533
149760
