1271
1740
2169
2580
3018
3471
3916
4327
4755
5200
5654
6099
6511
6938
7375
7813
8224
8636
9081
9526
9979
10392
10803
11240
11669
12088
12492
12921
13366
13811
14224
14634
15038
15441
15819
16223
16627
17021
17408
17836
18290
18720
19130
19551
19988
20417
20828
21239
21660
22105
22517
22920
23348
23776
24214
24667
25096
25499
25919
26357
26793
27197
27616
28061
28524
28960
29372
29801
30245
30674
31078
31499
31943
32380
32776
33195
33615
34044
34447
34875
35287
35749
36185
36589
37009
37461
37882
38277
38688
39133
39568
39972
40400
40846
41299
41718
42138
42576
43020
43448
43852
44279
44732
45162
45573
46001
46437
46890
47327
47738
48175
48638
49107
49527
49964
50442
50922
51391
51812
52256
52718
53155
53574
54021
54483
54936
55363
55801
56271
56750
57195
57614
58043
58505
58933
59345
59782
60260
60689
61117
61570
62016
62479
62949
63369
63773
64193
64630
65058
65445
65856
66285
66730
67141
67535
67947
68360
68796
69208
69595
69998
70425
70863
71291
71686
72098
72518
72955
73400
73804
74198
74610
75030
75451
75888
76308
76693
77096
77509
77938
78391
78795
79191
79617
80064
80493
80904
81325
81778
82198
82602
83030
83483
83904
84315
84736
85189
85609
86005
86425
86861
87290
87692
88104
88533
88954
89355
89767
90196
90641
91053
91448
91859
92287
92715
93111
93514
93950
94378
94773
95177
95596
96024
96453
96890
97294
97689
98109
98537
98990
99411
99813
100241
100671
101140
101559
101964
102493
102871
103317
103735
104182
104677
105164
105559
105987
106406
106802
107239
107659
108062
108482
108936
109364
109768
110197
110633
111088
111542
111911
112777
113215
113618
114029
114458
114895
115332
115735
116156
116591
117038
117467
117870
118290
118718
119163
119584
119987
120399
120844
121297
121709
122120
122542
122985
123413
123810
124221
124649
125086
125530
125934
126337
126766
127202
127638
128033
128444
128865
129310
129722
130124
130536
130964
131391
131786
132190
132616
133046
133456
133852
134270
134697
135127
135522
135941
136362
136807
137277
137696
138108
138545
138990
139459
139887
140300
140728
141172
141609
142013
142440
142877
143307
143717
144136
144582
145002
145406
145843
146295
146707
147119
147564
147992
148395
148807
149259
149672
