3332
5559
6618
7602
9887
12434
12795
13242
13653
14065
14536
14940
15292
15940
16369
16966
17369
17714
18621
18983
19378
19823
20277
20681
21084
21496
21883
22312
22698
23110
23505
23950
24455
24816
25220
25665
26204
26598
28985
29539
31136
31640
31825
33286
34286
35739
35940
36973
39090
41139
41576
41954
42399
42828
43306
43727
44155
44542
44986
45440
45843
46456
46885
47515
47927
48305
48742
49187
49573
50179
50599
51237
51649
52052
52489
52893
53288
53683
54086
54473
54902
55339
55725
56061
56969
57372
57792
58171
59079
59524
59902
60339
61230
61684
62087
62498
62918
63927
64339
65599
