144
596
1088
1552
2015
2437
2852
3339
3779
4202
4687
5164
5608
6093
6574
7034
7513
7991
8497
8969
9463
9959
10423
10876
11370
11819
12291
12783
13237
13724
14205
14664
15162
15618
16097
16573
17021
17499
17940
18401
18855
19332
19813
20259
20721
21182
21652
22158
22672
23181
23631
24058
24522
24996
25498
26004
26464
26919
27374
27827
28325
28836
29342
29846
30292
30718
31143
31610
32038
32459
32921
33369
33837
34345
34810
35279
35772
36287
36754
37251
37733
38193
38639
39089
39551
40014
40457
40897
41348
41821
42257
42708
43204
43669
44156
44636
45115
45551
45980
46412
46830
47235
47669
48113
48557
49011
49463
49903
50348
50761
51195
51674
52115
52559
53057
53522
53989
54487
54957
55419
55857
56311
56764
57208
57671
58140
58606
59035
59454
59868
60331
60802
61254
61669
62099
62539
62945
63375
63839
64265
64670
65097
65525
65938
66318
66704
67096
67499
67894
68322
68754
69197
69669
70129
70547
70962
71387
71831
72288
72743
73169
73621
74042
74436
74831
75253
75656
76065
76452
76855
77275
77703
78123
78593
79072
79533
79980
80426
80862
81257
81628
82054
82491
82920
83381
83845
84299
84762
85239
85668
86087
86542
86996
87431
87912
88406
88844
89267
89729
90199
90671
91099
91527
91989
92449
92867
93277
93640
94074
94504
94950
95439
95933
96398
96831
97288
97784
98245
98723
99229
99742
100249
100699
101104
101514
101917
102346
102776
103272
103777
104279
104742
105215
105642
106073
106516
106971
107413
107819
108218
108635
109103
109568
110028
110465
110894
111317
111760
112188
112567
112962
113383
113827
114214
114619
115022
115436
115898
116327
116746
117169
117620
118068
118514
118916
119303
119698
120128
120556
120951
121356
121793
122205
122634
123091
123552
123966
124361
124771
125196
125620
126084
126536
127009
127464
127932
128371
128793
129220
129649
130058
130462
130893
131320
131738
132175
132603
133018
133446
133881
134292
134730
135212
135662
136108
136544
136963
137424
137863
138274
138687
139089
139483
139896
140291
140668
141037
141432
141851
142290
142716
143122
143565
143993
144420
144893
145339
145790
146286
146764
147208
147689
148171
148615
149039
149486
