1298
1778
2231
2660
3111
3541
3948
4373
4783
5181
5589
5986
6388
6797
7211
7628
8047
8454
8875
9324
9732
10146
10575
10970
11374
11833
12256
12651
13049
13430
13796
14173
14545
14913
15304
15702
16088
16505
16964
17392
17805
18246
18685
19107
19566
20030
20448
20872
21326
21756
22184
22637
23112
23579
24050
24533
24994
25453
25927
26388
26850
27330
27829
28312
28773
29239
29710
30170
30645
31127
31579
32039
32474
32898
33372
33807
34274
34744
35194
35691
36169
36623
37142
37630
38069
38529
39003
39463
39961
40410
40882
41383
41845
42358
42810
43281
43737
44244
44722
45222
45715
46197
46675
47179
47649
48132
48616
49102
49582
50087
50561
51083
51552
52015
52460
52876
53308
53729
54133
54560
54963
55369
55776
56181
56608
56993
57367
57751
58128
58499
58899
59322
59718
60086
60449
60819
61254
61712
62123
62528
62954
63377
63762
64162
64578
64975
65356
65774
66190
66574
66954
67343
67733
68110
68484
68906
69316
69701
70081
70447
70794
71162
71516
71887
72270
72641
73019
73427
73824
74190
74562
74943
75316
75683
76070
76483
76869
77245
77664
78080
78466
78860
79285
79684
80049
80400
80760
81164
81627
82045
82460
82895
83317
83706
84108
84544
84957
85367
85822
86291
86714
87117
87526
87930
88316
88740
89143
89530
89932
90391
90805
91216
91677
92127
92542
92998
93432
93845
94266
94733
95174
95587
96047
96547
97016
97443
97879
98296
98723
99226
99693
100184
100636
101087
101534
101941
102332
102751
103176
103578
103980
104450
104880
105282
105702
106183
106609
107038
107523
107971
108391
108838
109259
109700
110151
110571
111018
111443
111873
112336
112755
113168
113606
114024
114429
114917
115368
115788
116239
116655
117043
117441
117875
118270
118656
119061
119458
119851
120270
120734
121143
121531
121921
122308
122674
123048
123449
123828
124206
124575
124971
125332
125711
126089
126451
126829
127189
127551
127898
128275
128630
128987
129366
129771
130158
130544
130962
131361
131754
132179
132606
133006
133432
133853
134254
134651
135066
135454
135830
136192
136560
136941
137300
137653
138016
138385
138750
139119
139467
139813
140182
140536
140914
141299
141654
142021
142396
142761
143115
143489
143879
144256
144619
144999
145401
145788
146145
146489
146831
147175
147544
147939
148347
148764
149137
149503
149869
