284
678
1066
1461
1856
2236
2630
3024
3418
3799
4192
4581
5002
5362
5755
6143
6537
6924
7311
7697
8119
8478
8856
9241
9635
10015
10408
10797
11184
11585
11972
12367
12779
13146
13534
13920
14364
14702
15087
15489
15878
16263
16664
17070
17442
17842
18236
18628
19026
19419
19823
20219
20608
21000
21404
21798
22187
22578
22989
23369
23754
24149
24542
24937
25317
25705
26099
26483
26868
27255
27645
28031
28416
28810
29206
29603
29988
30382
30758
31146
31560
31912
32281
32639
32994
33347
33718
34096
34472
34867
35285
35671
36070
36477
36865
37261
37666
38076
38471
38872
39277
39679
40076
40476
40879
41284
41680
42073
42468
42871
43276
43662
44055
44455
44827
45240
45617
46015
46388
46777
47186
47577
47968
48357
48760
49153
49535
49926
50320
50740
51103
51506
51911
52299
52684
53092
53482
53871
54264
54652
55076
55456
55868
56221
56657
57012
57407
57830
58191
58600
59007
59423
59786
60223
60623
61003
61397
61757
62156
62575
62952
63346
63749
64147
64571
64954
65343
65757
66167
66545
66945
67351
67744
68137
68567
68955
69365
69735
70181
70556
70945
71350
71734
72140
72522
72882
73388
73628
74092
74458
74855
75252
75672
76018
76432
76805
77224
77571
77962
78389
78759
79123
79481
79869
80238
80626
81004
81387
81793
82175
82558
82949
83319
83715
84094
84476
84848
85226
85604
85979
86310
86669
87031
87387
87728
88090
88459
88821
89181
89541
89894
90239
90602
90980
91353
91728
92119
92500
92892
93261
93658
94022
94398
94776
95144
95540
95893
96277
96651
97018
97396
97782
98159
98535
98931
99327
99724
100107
100489
100882
101277
101660
102046
102436
102821
103213
103591
103984
104371
104763
105132
105524
105933
106329
106723
107110
107499
107899
108286
108669
109050
109441
109819
110199
110577
110964
111331
111745
112098
112495
112866
113237
113607
113972
114355
114692
115085
115468
115865
116242
116639
117023
117416
117780
118175
118554
118946
119353
119717
120105
120492
120875
121265
121657
122043
122440
122829
123218
123607
123995
124390
124788
125162
125546
125958
126321
126677
127084
127458
127839
128238
128625
129004
129398
129811
130187
130589
130952
131355
131755
132129
132520
132913
133303
133688
134059
134456
134837
135243
135621
136016
136417
136796
137200
137585
137973
138375
138763
139166
139549
139959
140341
140734
141147
141521
141918
142324
142733
143151
143548
143985
144355
144772
145155
145546
145963
146380
146783
147162
147580
147949
148361
148745
149154
149534
