509
887
1266
1661
2039
2409
2788
3174
3544
3930
4326
4704
5082
5460
5846
6209
6579
6965
7352
7713
8084
8461
8840
9209
9580
9966
10336
10714
11093
11464
11866
12236
12607
12993
13389
13758
14146
14531
14918
15297
15675
16062
16456
16835
17222
17608
17995
18365
18752
19130
19500
19878
20281
20635
21004
21383
21753
22122
22493
22871
23241
23610
23988
24366
24736
25107
25484
25863
26232
26602
26980
27367
27745
28123
28501
28879
29266
29643
30021
30416
30796
31198
31567
31929
32316
32677
33055
33433
33802
34172
34542
34928
35298
35684
36062
36441
36818
37188
37574
37936
38323
38691
39078
39449
39843
40288
40558
41027
41423
41825
42213
42607
42986
43373
43759
44145
44540
44927
45313
45708
46094
46473
46875
47254
47640
48035
48430
48809
49196
49589
49976
50379
50750
51136
51531
51917
52304
52690
53069
53463
53833
54235
54614
55001
55379
55782
56160
56554
56924
57336
57705
58092
58487
58873
59260
59654
60049
60444
60830
61208
61578
61981
62368
62745
63165
63526
63887
64249
64627
65005
65391
65777
66155
66525
66920
67281
67676
68029
68382
68751
69130
69491
69853
70223
70600
70979
71357
71920
72089
72476
72862
73247
73686
73997
74391
74754
75139
75511
75896
76291
76677
77056
77434
77821
78199
78577
78989
79374
79754
80132
80519
80896
81283
81661
82030
82392
82745
83106
83467
83812
84165
84535
84888
85257
85627
85997
86375
86810
87123
87744
87911
88341
88753
89062
89441
89820
90197
90575
90944
91322
91700
92086
92456
92836
93221
93590
93968
94347
94725
95111
95481
95868
96255
96633
97019
97399
97792
98171
98549
98936
99314
99709
100087
100466
100844
101239
101600
101987
102357
102744
103130
103500
103879
104257
104635
105014
105400
105779
106165
106544
106930
107300
107670
108048
108418
108779
109149
109519
109889
110267
110637
111016
111411
111772
112150
112528
112923
113275
113654
114042
114437
114815
115202
115596
115975
116362
116741
117128
117504
117884
118262
118657
119077
119397
119792
120145
120489
120834
121188
121540
121918
122273
122642
123020
123407
123802
124204
124592
124978
125365
125777
126164
126542
126937
127315
127702
128080
128466
128845
129240
129627
130038
130433
130828
131222
131600
131994
132398
132776
133162
133549
133936
134322
134717
135103
135506
135901
136262
136673
137044
137413
137808
138186
138589
138951
139345
139715
140101
140496
140874
141262
141664
142051
142437
142832
143227
143621
144025
144412
144806
145184
145570
145983
146326
146704
147090
147460
147855
148250
148652
149055
149392
149769
