120
475
827
1187
1540
1895
2245
2599
2952
3297
3647
3992
4342
4696
5051
5408
5767
6120
6478
6832
7186
7536
7887
8237
8584
8935
9282
9639
9989
10344
10697
11045
11399
11747
12094
12447
12796
13152
13499
13857
14209
14570
14920
15275
15626
15990
16342
16698
17045
17404
17757
18106
18460
18812
19159
19512
19867
20222
20575
20934
21289
21642
21998
22348
22702
23052
23404
23759
24125
24480
24842
25202
25559
25919
26276
26635
26997
27357
27718
28078
28438
28796
29158
29514
29876
30229
30583
30929
31276
31619
31967
32363
32657
32993
33347
33687
34036
34381
34729
35079
35428
35782
36131
36479
37037
37174
37512
37863
38207
38551
38892
39245
39588
39938
40280
40625
40969
41311
41656
41989
42338
42678
43013
43345
43675
43997
44335
44667
45003
45350
45692
46034
46385
46730
47076
47416
47761
48113
48462
48814
49347
49879
50233
50793
50937
51295
51647
52002
52358
52719
53071
53430
53786
54152
54510
54860
55216
55568
55924
56277
56636
56991
57353
57712
58074
58438
58797
59158
59519
59882
60242
60596
60960
61320
61680
62033
62396
62754
63116
63480
63841
64210
64583
64953
65317
65685
66053
66420
66782
67142
67507
67869
68233
68586
68945
69303
69663
70020
70380
70738
71109
71462
71829
72191
72562
72914
73283
73647
74010
74374
74736
75100
75469
75837
76195
76563
76932
77303
77667
78033
78400
78764
79118
79480
79836
80190
80537
80891
81246
81607
81969
82339
82727
83090
83457
83827
84203
84564
84927
85293
85659
86021
86387
86761
87123
87478
87841
88198
88553
88909
89260
89609
89951
90293
90646
90994
91348
91698
92057
92411
92776
93137
93497
93858
94221
94585
94948
95315
95679
96050
96429
96794
97169
97540
97911
98274
98647
99004
99372
99725
100086
100442
100804
101163
101517
101874
102227
102585
102943
103304
103665
104028
104397
104760
105120
105490
105858
106229
106591
106965
107331
107697
108062
108425
108788
109158
109524
109891
110262
110631
111002
111374
111748
112123
112494
112863
113238
113608
113976
114340
114709
115085
115452
115818
116190
116558
116931
117294
117662
118027
118388
118749
119106
119465
119820
120176
120529
120885
121241
121604
121960
122320
122678
123045
123402
123765
124130
124495
124856
125217
125578
125943
126297
126660
127024
127390
127749
128106
128474
128847
129215
129577
129949
130327
130693
131058
131434
131804
132171
132535
132902
133266
133632
133988
134337
134705
135075
135437
135801
136172
136548
136909
137279
137647
138027
138404
138775
139154
139529
139907
140272
140644
141020
141393
141763
142125
142494
142862
143231
143604
143965
144336
144701
145069
145431
145802
146174
146544
146910
147273
147643
148003
148367
148724
149091
149454
149822
