2554
3683
4754
5119
5321
6195
6558
6915
7632
7994
8195
9077
9443
9804
10156
10517
10879
11235
11590
11952
12319
12687
13052
13421
13794
14167
14531
14897
15264
15629
15986
16346
16715
17082
17441
17805
18174
18546
18912
19277
19645
20011
20378
20542
21465
22131
22556
22918
23280
23657
24034
24410
24783
25163
25539
25922
26664
26883
27780
28145
28511
28873
29243
29607
29980
30355
30725
31100
31473
31854
32233
32997
33384
33598
34519
34908
35291
35672
36054
36436
36818
37195
37572
37789
38704
39078
39458
39842
40223
40606
40985
41369
41752
42132
42508
42881
43254
43630
44002
44376
