834
2554
3683
4754
5119
5321
6195
6558
6915
7482
7632
7994
8195
8711
9077
9443
9804
10156
10517
10879
11235
11590
11952
12319
12687
13052
13421
13794
14167
14531
14897
15264
15629
15986
16346
16715
17082
17441
17805
18174
18546
18912
19277
19645
20011
20378
20542
21106
21465
22047
22131
22556
22918
23280
23657
24034
24410
24783
25163
25539
25922
26664
26883
27411
27780
28145
28511
28873
29243
29607
29980
30355
30725
31100
31473
31854
32233
32997
33384
33598
34138
34519
34908
35291
35672
36054
36436
36818
37195
37572
37789
38330
38704
39078
39458
39842
40223
40606
40985
41369
41752
42132
42508
42881
43254
43630
44002
44376
44751
45134
45509
45882
46261
46638
47018
47395
47775
48154
48529
48906
49120
49660
49828
50237
50399
50773
51144
51519
52262
52635
53015
53390
53767
54141
54514
55263
55633
56002
56373
56746
57116
57490
57865
58236
58608
58984
59352
59725
60100
60477
60853
61229
61605
61985
62359
62734
63111
63492
63878
64251
64631
65014
65396
65781
66154
66535
66907
67288
67651
68017
68384
68750
69118
69484
69854
70224
70600
70975
71349
71726
72109
72488
72860
73233
73607
73974
74338
74704
75074
75441
75810
76180
76554
76931
77305
77677
78051
78423
78803
79178
79554
79929
80145
80672
81040
81410
81781
82148
82519
82887
83259
83477
83855
84019
84397
84772
85154
85531
85906
86277
86649
87023
87391
87764
88132
88507
88881
89248
89458
89982
90350
90548
91077
91298
91810
92174
92538
92901
93260
93625
93829
94349
94723
95081
95443
95807
96177
96394
96914
97126
97663
98040
98412
98782
99156
99530
99906
100273
100642
101005
101363
101730
102090
102451
102816
103186
103554
103919
104293
104664
105037
105411
105784
106164
106549
106933
107318
107695
108071
108368
108812
109180
109550
109924
110308
110691
111078
111478
111872
112263
112663
113070
113465
113679
114067
114251
114647
115054
115463
115855
116249
116651
117045
117454
117771
118466
118887
119051
119481
119880
120279
120670
121059
121446
121836
122219
122603
122984
123362
123738
124114
124491
124864
125235
125608
125972
126349
126718
127086
127457
127824
128190
128557
128929
129299
129671
129886
130249
130413
130789
131163
131533
131901
132269
132639
133016
133387
133761
134138
134525
134903
135282
135667
136052
136435
136813
137201
137586
137966
138346
138722
139102
139479
139854
140220
140592
140959
141329
141694
142062
142435
142801
143175
143546
143919
144294
144671
145046
145422
145799
146177
146394
146939
147321
147712
148094
148476
148864
149250
149644
149847
