311
673
1033
1402
1773
2145
2510
2871
3237
3612
3986
4352
4709
5069
5437
5804
6165
6520
6882
7254
7631
7996
8356
8716
9079
9442
9802
10154
10506
10865
11234
11607
11968
12330
12697
13064
13443
13812
14176
14545
14928
15305
15683
16040
16395
16754
17128
17529
17908
18279
18650
19034
19417
19784
20151
20529
20911
21276
21631
21995
22364
22735
23178
23465
23844
24222
24586
24954
25327
25704
26089
26452
26811
27178
27557
27941
28321
28699
29098
29474
29874
30243
30601
30968
31338
31717
32098
32463
32830
33186
33570
33981
34375
34697
35074
35457
35856
36232
36591
36945
37312
37682
38042
38399
38778
39518
39882
40256
40702
41029
41402
42126
42488
42852
43654
43915
44280
44649
45014
45770
46102
46463
46826
47183
47545
47909
48722
49009
49486
49855
50210
50535
50912
51289
51652
52013
52374
52750
56915
57270
57711
58008
58363
58744
59111
59469
59824
60220
60577
60997
61313
61680
61940
62439
62774
63113
63468
63877
64171
64576
65256
65669
66037
66363
66718
67047
67825
68179
68521
68889
69272
69640
70022
70364
70718
71061
71415
71783
72138
72507
72875
73230
73599
73967
74295
74677
75060
75413
75742
76111
76479
76834
77203
77557
77940
78208
78569
78938
79306
79728
80083
80451
80820
81201
81544
81898
82266
82635
82913
83279
84082
84477
84832
85214
85569
85924
86292
86660
87045
87398
87753
88123
88476
88845
89213
89538
89884
90209
90619
90973
91341
91669
92024
92366
92706
93115
93443
93812
94154
94561
94888
95285
95627
95937
96296
96746
97032
97426
98103
98439
98811
99242
99637
100006
100360
100770
101093
101492
101835
102216
102585
102883
103266
103539
103977
104397
104726
105095
105422
105791
106145
106513
106868
107209
107496
107932
108259
108627
108982
109323
109692
110019
110374
110659
111070
111464
111780
112119
112488
112816
113143
113538
113852
114193
114562
114888
115270
115612
115884
115966
116361
116620
117058
117439
117823
118183
118547
118893
119139
119496
119848
124176
124530
124898
125266
125621
125988
126343
126711
127053
127407
127762
128130
128485
128826
129154
129548
129903
130243
130598
130939
131306
131660
132015
132369
132710
133092
133433
133585
133941
134288
134648
135011
135762
136054
136431
136803
140762
141659
142018
142499
142874
143086
143411
144991
145335
145940
146041
146235
146670
147022
147693
148035
149123
149845
