695
1086
1448
1801
2156
2515
2897
3257
3616
3970
4331
4707
5087
5462
5830
6197
6570
6939
7303
7657
8014
8379
8746
9110
9462
9812
10169
10536
10900
11271
11633
11985
12334
12690
13045
13400
13746
14092
14448
14809
15195
15557
15910
16266
16626
16990
17350
17713
18079
18454
18816
19169
19531
19900
20268
20636
20996
21362
21723
22117
22485
22864
23230
23593
23947
24302
24667
25056
25420
25779
26140
26513
26885
27253
27608
27957
28312
28678
29064
29434
29795
30150
30512
30884
31257
31627
31991
32340
32690
33047
33411
33766
34115
34469
34826
35189
35562
35949
36333
36705
37087
37470
37839
38192
38538
38885
39236
39588
39936
40285
40639
40998
41355
41712
42066
42429
42790
43148
43499
43844
44193
44556
44926
45292
45650
46008
46376
46773
47138
47494
47846
48203
48573
48943
49313
49675
50027
50381
50743
51112
51500
51860
52213
52561
52911
53269
53629
53991
54344
54696
55050
55410
55775
56130
56481
56832
57191
57549
57904
58248
58591
58934
59282
59633
59980
60322
60668
61021
61375
61730
62073
62416
62764
63116
63462
63800
64132
64473
64819
65169
65517
65856
66197
66548
66904
67260
67611
67954
68296
68642
68987
69334
69670
69999
70326
70650
70977
71309
71652
72006
72357
72699
73046
73395
73747
74096
74440
74780
75124
75476
75826
76169
76512
76861
77217
77575
77923
78266
78616
78972
79343
79711
80073
80424
80785
81150
81516
81876
82227
82579
82939
83297
83654
84007
84355
84699
85054
85422
85801
86169
86532
86891
87252
87621
87996
88368
88729
89083
89446
89818
90207
90578
90945
91300
91656
92021
92407
92768
93122
93470
93828
94196
94563
94921
95272
95625
95982
96339
96700
97059
97410
97761
98121
98484
98844
99194
99539
99885
100236
100601
100968
101321
101672
102024
102389
102756
103120
103488
103843
104193
104542
104901
105267
105634
105991
106344
106696
107051
107416
107771
108120
108467
108820
109179
109544
109910
110268
110618
110964
111324
111706
112070
112431
112785
113135
113492
113853
114223
114589
114948
115306
115674
116047
116415
116774
117130
117483
117841
118222
118593
118969
119334
119696
120067
120436
120803
121163
121518
121869
122231
122598
122989
123364
123744
124106
124458
124809
125166
125532
125916
126278
126637
126994
127360
127746
128114
128476
128828
129179
129536
129901
130263
130625
130988
131338
131686
132038
132399
132759
133112
133458
133805
134160
134516
134874
135224
135567
135911
136258
136607
136960
137304
137646
137990
138340
138692
139047
139392
139730
140069
140415
140766
141120
141474
141821
142170
142526
142887
143245
143594
143938
144284
144640
144995
145352
145700
146044
146392
146740
147093
147446
147791
148136
148486
148835
149188
149535
149880
