664
1325
1828
1934
2013
2741
3416
3972
4343
4582
5004
5321
5878
5973
6091
7242
15330
17316
17382
18083
18534
18997
19356
20110
20468
20853
21435
21791
22136
22771
23062
23565
23764
24401
24851
25329
25978
26544
27037
27737
28823
29762
31829
32506
33088
33936
34318
34824
34996
35723
36293
36863
37181
37883
38452
38797
39169
39762
40304
40866
41433
41617
42267
42823
43418
43897
44309
44693
45051
45418
46534
47247
47686
48464
48678
49116
49646
50732
51817
52547
52877
53501
53952
54403
54999
55461
55870
56044
56722
57026
57402
58123
58218
59397
61359
62433
62921
63439
63982
64474
65149
65519
66048
66790
67148
67665
68394
68738
69149
69536
69812
70381
70791
71322
71813
72336
72863
72952
73845
74199
74989
75471
75895
76212
76595
77151
77341
78015
78508
79447
80613
80962
81502
81714
83357
83875
84353
84857
85572
85747
85929
86474
87042
87546
88079
88492
88673
89203
89536
89600
89775
90159
90345
90836
91552
92108
92480
93022
93726
93832
94058
94733
95436
95662
96179
96696
97187
97730
97889
98049
98392
98751
99322
100130
100303
100913
101377
101628
102212
102743
102915
103393
103895
104545
104640
104823
105514
106216
106324
106894
107397
108006
108418
108804
109297
109467
110116
110739
111097
111642
112199
112835
113405
113762
114254
114360
115049
115594
116085
116442
116985
117599
118009
118446
118671
119293
120013
120129
120674
121125
121868
122292
122797
123354
123857
124361
124748
125144
125200
125372
126021
126445
127014
127519
128090
128631
129152
129722
130225
130768
131340
131792
132270
132906
133303
133780
134444
134644
134698
134870
135560
136103
136567
136951
137523
137879
138680
138968
139393
143494
143851
143999
144155
144528
145021
148894
