1325
1934
2013
2741
3416
4343
4582
5004
5321
5973
6091
7242
15330
17316
17382
18083
19356
20110
21435
22771
23565
23764
24401
24851
25329
25978
26544
27037
27737
28823
29762
31829
32506
33088
33936
34318
34824
34996
35723
36293
36863
37883
38452
39762
40304
40866
41433
41617
42267
42823
43418
46534
47247
48464
48678
49646
50732
51817
52547
52877
53501
54999
56044
56722
58123
58218
59397
61359
62433
65149
65519
66791
67149
68395
68739
69813
70382
72953
73846
74200
74990
77152
77342
78016
78509
79448
80614
81503
81715
83358
83876
84354
84858
85573
85748
85930
86475
87043
87547
88080
