828
1302
1824
2301
2784
3254
3696
4185
4706
5168
5649
6105
6534
7005
7523
7992
8472
8985
9460
9916
10401
10874
11326
11820
12316
12776
13256
13778
14249
14738
15283
15810
16322
16854
17342
17804
18303
18789
19248
19729
20200
20651
21128
21671
22194
22681
23190
23716
24244
24814
25311
25800
26344
26806
27262
27773
28245
28710
29229
29730
30205
30724
31238
31703
32219
32767
33278
33836
34342
34921
35459
35992
36558
37051
37565
38099
38575
39044
39548
40055
40518
41009
41530
42010
42518
43051
43531
44050
44635
45149
45642
46148
46624
47106
47646
48134
48651
49207
49708
50206
50742
51261
51757
52344
52888
53380
53892
54362
54800
55269
55791
56284
56804
57351
57829
58346
58864
59372
59944
60468
60954
61485
62030
62533
63079
63579
64088
64603
65055
65553
66537
66903
67591
68111
68609
69059
69551
70065
70530
71009
71453
72013
72509
73077
73618
74142
74677
75150
75630
76181
76725
77254
77847
78389
78872
79427
79985
80500
81042
81543
82049
82640
83191
83681
84218
84771
85257
85738
86278
86789
87295
87855
88429
88948
89479
90009
90475
90958
91458
91918
92405
92930
93414
93951
94486
94972
95501
96053
96543
97038
97591
98104
98602
99139
99666
100156
100697
101244
101728
102232
102785
103281
103766
104274
104760
105229
105738
106237
106762
107282
107748
108239
108730
109179
109672
110209
110698
111219
111751
112225
112749
113162
113782
114303
114838
115335
115884
116458
116966
117494
118055
118574
119108
119697
120207
120705
121237
121768
122292
122868
123406
123917
124498
125057
125553
126116
126676
127157
127653
128168
128568
128753
129290
129834
130309
130772
131282
131775
132305
132747
133331
133573
134316
134791
135293
135761
136250
136720
137171
137701
138180
138646
139218
139747
140237
140761
141230
141706
142209
142676
143170
143673
144137
144666
145190
145660
146170
146661
147154
147723
148227
148785
149285
149765
