706
1055
1410
1747
2076
2420
2759
3090
3425
3780
4125
4460
4790
5146
5483
5815
6157
6506
6839
7166
7510
7848
8178
8509
8855
9187
9514
9845
10191
10537
10873
11203
11545
11886
12215
12543
12887
13242
13575
13901
14241
14578
14902
15216
15564
15903
16233
16578
16948
17286
17618
17963
18318
18658
18999
19366
19707
20050
20398
20769
21109
21448
21799
22151
22500
22860
23218
23560
23904
24259
24598
24930
25281
25626
25957
26290
26637
26973
27308
27659
28021
28359
28697
29043
29392
29727
30056
30405
30749
31078
31404
31744
32071
32393
32720
33064
33399
33727
34065
34411
34748
35079
35438
35788
36132
36464
36812
37153
37484
37817
38161
38502
38837
39181
39527
39862
40197
40543
40880
41214
41560
41902
42246
42592
42957
43301
43631
43969
44316
44648
44980
45323
45663
45995
46333
46697
47042
47375
47714
48061
48402
48734
49077
49435
49780
50117
50463
50827
51162
51494
51837
52182
52519
52848
53193
53547
53883
54214
54552
54902
55248
55588
55930
56283
56636
56975
57306
57650
57995
58329
58658
59002
59345
59680
60019
60368
60703
61031
61374
61713
62044
62378
62728
63063
63388
63723
64067
64399
64725
65066
65412
65743
66073
66414
66753
67082
67419
67764
68106
68440
68782
69128
69464
69792
70131
70478
70810
71142
71490
71834
72172
72503
72845
73191
73526
73860
74200
74543
74878
75207
75556
75910
76255
76588
76929
77273
77615
77944
78270
78616
78956
79287
79616
79966
80301
80631
80969
81316
81648
81974
82314
82658
82999
83326
83653
83998
84338
84671
84998
85347
85682
86011
86348
86700
87036
87365
87702
88047
88382
88712
89057
89408
89742
90073
90417
90766
91103
91443
91796
92139
92478
92824
93183
93522
93857
94204
94549
94882
95215
95567
95933
96287
96633
97005
97383
97729
98080
98452
98809
99158
99496
99862
100206
100541
100886
101249
101592
101940
102296
102639
102972
103306
103661
104000
104339
104693
105044
105381
105755
106148
106541
106917
107286
107664
108021
108390
108791
109204
109603
109987
110352
110710
111056
111404
111741
112082
112428
112765
113095
113448
113788
114123
114472
114810
115142
115489
115837
116179
116524
116903
117254
117605
117971
118324
118675
119057
119418
119776
120140
120533
120895
121244
121611
121972
122315
122662
123027
123379
123733
124113
124464
124816
125190
125543
125891
126257
126615
126960
127323
127693
128040
128390
128759
129113
129471
129856
130228
130581
130928
131299
131648
131999
132367
132709
133053
133408
133754
134092
134450
134806
135146
135495
135860
136203
136543
136892
137244
137586
137926
138284
138629
138968
139310
139677
140025
140371
140727
141070
141403
141744
142094
142430
142755
143095
143428
143763
144100
144449
144786
145121
145473
145814
146155
146508
146847
147181
147527
147869
148201
148539
148884
149221
149550
149899
