95
451
795
1129
1478
1839
2191
2552
2922
3280
3634
3987
4355
4715
5061
5425
5778
6114
6458
6806
7155
7493
7847
8201
8546
8897
9254
9599
9938
10289
10645
10992
11331
11681
12038
12380
12717
13072
13420
13761
14109
14459
14805
15147
15499
15841
16176
16515
16863
17214
17557
17912
18269
18623
18971
19332
19699
20046
20397
20752
21100
21446
21796
22156
22500
22846
23209
23567
23911
24257
24605
24953
25295
25629
25977
26330
26673
27007
27363
27710
28054
28396
28756
29105
29444
29777
30130
30478
30819
31158
31509
31853
32189
32536
32887
33229
33562
33904
34255
34595
34928
35278
35630
35971
36310
36659
37013
37356
37696
38048
38402
38744
39086
39435
39787
40128
40469
40824
41179
41523
41862
42214
42569
42916
43258
43611
43964
44307
44644
44995
45354
45710
46064
46431
46803
47158
47505
47860
48223
48575
48921
49269
49619
49966
50300
50657
51018
51367
51716
52068
52411
52750
53110
53466
53815
54169
54536
54891
55233
55575
55929
56282
56625
56981
57330
57672
58009
58361
58703
59036
59383
59728
60064
60410
60763
61109
61451
61801
62145
62481
62819
63164
63512
63854
64218
64595
64955
65320
65707
66076
66426
66799
67164
67523
67902
68265
68621
68977
69345
69705
70048
70414
70768
71118
71478
71845
72204
72546
72909
73273
73619
73963
74327
74684
75034
75385
75769
76128
76479
76835
77183
77520
77861
78225
78582
78940
79303
79669
80032
80392
80772
81129
81484
81842
82209
82560
82901
83241
83591
83936
84272
84602
84951
85302
85644
85992
86359
86716
87073
87427
87804
88160
88516
88901
89266
89615
89976
90334
90683
91031
91396
91742
92085
92444
92815
93170
93516
93878
94238
94590
94932
95294
95644
95992
96360
96725
97082
97454
97818
98181
98555
98909
99259
99621
99974
100318
100661
101023
101381
101721
102066
102425
102773
103111
103461
103816
104163
104505
104864
105211
105551
105912
106263
106605
106972
107339
107693
108039
108399
108745
109077
109418
109770
110115
110453
110790
111137
111485
111826
112166
112521
112868
113210
113557
113905
114252
114588
114918
115264
115617
115964
116304
116660
117014
117358
117697
118058
118409
118750
119091
119446
119793
120132
120478
120841
121193
121530
121883
122241
122590
122929
123279
123637
123996
124346
124685
125037
125396
125753
126103
126463
126828
127175
127526
127895
128246
128593
128950
129309
129658
130020
130391
130741
131086
131441
131791
132131
132479
132834
133177
133523
133878
134233
134575
134931
135291
135643
135986
136345
136703
137051
137411
137779
138130
138481
138842
139199
139542
139895
140259
140612
140957
141328
141687
142041
142413
142796
143150
143505
143879
144242
144595
144954
145323
145680
146028
146402
146770
147121
147473
147839
148190
148537
148900
149263
149618
