379
811
1224
1633
2062
2477
2878
3290
3695
4092
4491
4902
5306
5723
6147
6561
6972
7402
7838
8262
8685
9117
9547
9968
10401
10844
11282
11708
12146
12588
13015
13443
13885
14328
14758
15188
15627
16061
16482
16918
17368
17801
18237
18680
19110
19539
19975
20401
20816
21253
21690
22110
22539
22982
23415
23852
24295
24726
25150
25592
26030
26457
26902
27352
27785
28231
28680
29116
29549
29993
30432
30860
31301
31744
32170
32605
33042
33464
33885
34319
34758
35181
35621
36058
36472
36894
37323
37748
38168
38605
39049
39483
39909
40348
40792
41227
41651
42084
42526
42945
43378
43825
44260
44697
45149
45598
46037
46468
46914
47361
47797
48217
48653
49099
49547
49978
50412
50855
51303
51749
52174
52621
53078
53528
53963
54417
54871
55322
55760
56211
56671
57111
57555
58010
58466
58904
59346
59795
60254
60703
61147
61604
62037
62462
62853
63245
63665
64096
64528
64982
65440
65888
66319
66767
67224
67668
68102
68554
69008
69454
69892
70342
70801
71249
71737
72226
72682
73149
73618
74077
74531
74994
75457
75904
76377
76848
77295
77734
78184
78638
79071
79488
79925
80376
80811
81252
81706
82148
82574
83016
83465
83890
84312
84747
85178
85591
86011
86451
86898
87328
87774
88225
88665
89103
89550
89995
90422
90853
91297
91738
92161
92598
93046
93478
93908
94351
94801
95234
95655
96081
96514
96923
97348
97796
98233
98672
99114
99548
99967
100397
100837
101263
101670
102097
102534
102968
103384
103818
104261
104693
105113
105537
105965
106379
106800
107237
107673
108095
108531
108980
109411
109848
110289
110715
111122
111534
111954
112352
112735
113118
113480
113839
114218
114606
115012
115456
115909
116341
116780
117233
117669
118097
118553
119001
119437
119876
120305
120717
121138
121561
121979
122415
122854
123289
123751
124197
124638
125092
125522
125958
126394
126807
127240
127672
128093
128538
128978
129405
129844
130273
130685
131121
131557
131980
132418
132860
133283
133715
134154
134577
135010
135451
135887
136316
136755
137192
137609
138035
138468
138880
139315
139752
140176
140625
141095
141538
141986
142445
142897
143340
143789
144218
144657
145116
145568
146015
146483
146962
147439
147935
148417
148879
149338
149785
