1358
1820
2278
2722
3165
3618
4076
4517
4962
5420
5870
6316
6789
7266
7721
8167
8620
9076
9514
9950
10399
10858
11296
11733
12182
12639
13074
13514
13970
14414
14846
15290
15740
16177
16610
17068
17532
17984
18416
18850
19295
19727
20157
20604
21054
21488
21920
22363
22811
23237
23672
24118
24548
24969
25427
25887
26328
26761
27209
27667
28102
28542
28997
29446
29885
30325
30776
31226
31664
32116
32591
33032
33458
33891
34334
34766
35191
35634
36082
36525
36960
37408
37858
38292
38728
39174
39619
40050
40471
40905
41345
41770
42192
42624
43059
43480
43909
44347
44782
45201
45625
46064
46498
46912
47340
47774
48199
48620
49059
49495
49894
50308
50747
51199
51635
52062
52510
52959
53402
53845
54294
54743
55176
55604
56054
56516
56963
57389
57798
58185
58566
58967
59392
59804
60212
60645
61077
61494
61901
62328
62769
63221
63654
64084
64525
64972
65398
65814
66236
66664
67079
67477
67890
68303
68718
69122
69540
69965
70401
70821
71242
71670
72107
72529
72948
73383
73822
74246
74669
75118
75564
75989
76408
76841
77274
77689
78095
78514
78944
79361
79769
80192
80624
81042
81460
81887
82317
82743
83144
83557
83972
84390
84806
85235
85685
86148
86598
87053
87512
87963
88407
88875
89338
89781
90229
90688
91148
91587
92020
92462
92916
93348
93785
94237
94674
95092
95518
95953
96394
96810
97236
97676
98122
98548
98982
99435
99890
100330
100758
101204
101653
102091
102515
102958
103408
103849
104279
104738
105200
105649
106095
106549
107006
107434
107865
108309
108758
109188
109620
110068
110524
110963
111414
111875
112322
112757
113196
113636
114055
114459
114895
115317
115725
116138
116526
116936
117371
117807
118233
118671
119125
119569
120001
120455
120901
121338
121788
122236
122676
123133
123600
124055
124520
124992
125441
125894
126346
126780
127217
127660
128081
128492
128913
129341
129769
130216
130690
131162
131624
132093
132557
132989
133431
133885
134334
134772
135217
135673
136113
136548
136994
137440
137871
138310
138755
139190
139615
140056
140504
140935
141372
141812
142259
142686
143132
143594
144043
144498
144965
145419
145869
146339
146797
147243
147694
148150
148589
149037
149497
