791
1268
1674
2039
2446
2884
3319
3690
4051
4435
4798
5167
5640
6131
6603
7005
7375
7779
8257
8721
9187
9582
9961
10408
10887
11358
11790
12166
12555
13026
13518
13948
14324
14767
15262
15735
16204
16606
16981
17415
17877
18342
18713
19084
19445
19879
20334
20787
21233
21642
22004
22355
22776
23256
23726
24156
24530
24882
25258
25714
26189
26642
27043
27420
27856
28275
28664
29096
29554
29981
30368
30811
31265
31727
32127
32552
32989
33441
33839
34212
34650
35113
35590
35997
36370
36763
37217
37679
38150
38545
38914
39337
39771
40163
40557
41004
41463
41920
42323
42690
43061
43522
43984
44386
44766
45192
45656
46128
46558
46929
47293
47721
48216
48695
49113
49524
49963
50390
50809
51185
51547
51941
52348
52715
53101
53511
53890
54260
54686
55082
55460
55855
56274
56619
57014
57407
57769
58120
58499
58860
59204
59575
60011
60469
60900
61269
61620
62038
62518
62988
63451
63863
64237
64650
65127
65597
66064
66455
66827
67233
67668
68070
68441
68862
69329
69825
70303
70721
71100
71510
71930
72373
72775
73138
73500
73951
74422
74892
75319
75688
76050
76468
76909
77377
77795
78165
78618
79079
79488
79866
80253
80695
81166
81634
82110
82519
82921
83376
83844
84255
84669
85172
85624
86041
86505
86983
87393
87755
88149
88602
89069
89492
89876
90270
90757
91243
91724
92174
92574
92956
93411
93873
94323
94709
95077
95445
95876
96358
96829
97232
97595
97995
98454
98910
99358
99759
100135
100520
100960
101417
101827
102197
102575
102986
103415
103828
104237
104602
104984
105430
105883
106301
106670
107049
107475
107931
108336
108695
109088
109549
110019
110437
110818
111268
111754
112175
112602
113064
113512
113904
114292
114693
115063
115430
115801
116212
116656
117100
117492
117850
118210
118619
119038
119469
119877
120240
120607
121019
121458
121916
122373
122824
123193
123549
123940
124385
124852
125308
125699
126071
126498
126968
127428
127880
128268
128635
129034
129434
129820
130182
130590
131003
131394
131784
132260
132732
133176
133555
133922
134342
134797
135261
135679
136046
136416
136917
137407
137891
138316
138696
139073
139529
140020
140498
140930
141307
141676
142105
142589
143078
143545
143983
144368
144739
145187
145661
146127
146580
147005
147392
147769
148200
148661
149120
149508
149877
