1193
1654
2125
2595
3032
3411
3789
4259
4747
5209
5654
6041
6411
6799
7279
7750
8219
8648
9027
9397
9869
10340
10811
11240
11625
12003
12442
12913
13383
13812
14183
14552
14989
15460
15916
16369
16782
17217
17698
18203
18699
19143
19575
20079
20583
21036
21423
21810
22307
22811
23299
23730
24223
24722
25227
25679
26085
26497
26990
27496
27935
28421
28909
29395
29816
30195
30648
31112
31558
31951
32362
32860
33363
33807
34185
34580
35059
35520
35941
36318
36697
37093
37485
37949
38443
38931
39377
39769
40138
40625
41115
41617
42054
42424
42810
43298
43792
44254
44683
45059
45420
45858
46327
46790
47252
47664
48039
48445
48925
49410
49889
50317
50687
51099
51589
52082
52562
52981
53361
53814
54316
54797
55208
55594
56073
56554
57033
57452
57839
58319
58830
59327
59754
60133
60563
60998
61377
61747
62201
62661
63049
63451
63930
64417
64894
65324
65710
66129
66617
67105
67597
68018
68413
68875
69369
69859
70295
70689
71109
71589
72069
72521
72914
73300
73762
74242
74711
75114
75485
75912
76400
76885
77296
77692
78160
78648
79102
79496
79882
80343
80823
81310
81739
82134
82595
83090
83527
83945
84408
84895
85348
85804
86307
86800
87255
87650
88102
88583
89077
89539
89959
90427
90923
91419
91899
92326
92813
93316
93787
94223
94702
95191
95677
96163
96599
96995
97456
97927
98380
98786
99172
99649
100152
100650
101102
101496
101950
102430
102917
103356
103756
104208
104678
105149
105610
106005
106407
106871
107358
107827
108223
108593
109044
109507
109968
110413
110798
111168
111596
112049
112488
112932
113318
113696
114125
114584
115032
115468
115861
116232
116675
117129
117566
117943
118306
118724
119178
119648
120078
120453
120832
121270
121724
122151
122521
122897
123336
123804
124258
124686
125064
125443
125888
126351
126812
127223
127594
128029
128507
128986
129406
129793
130237
130699
131152
131547
131972
132445
132924
133359
133754
134183
134636
135090
135486
135853
136241
136670
137124
137592
138003
138382
138793
139240
139701
140164
140591
140976
141406
141866
142322
142750
143127
143497
143943
144420
144898
145318
145697
146125
146619
147114
147594
148072
148510
148895
149283
149752
