66
560
1034
1518
2016
2528
3017
3509
4009
4509
4977
5462
5968
6475
6942
7414
7906
8411
8891
9389
9908
10432
10924
11411
11914
12422
12914
13406
13916
14428
14909
15411
15913
16382
16852
17332
17829
18297
18784
19281
19774
20268
20736
21227
21723
22207
22703
23205
23693
24176
24676
25182
25654
26133
26629
27109
27605
28116
28605
29086
29596
30118
30601
31088
31584
32092
32571
33066
33565
34036
34547
35077
35580
36043
36535
37041
37517
37805
38411
38598
39059
39528
40021
40536
41036
41690
42497
42581
43108
43586
44079
44582
45059
45558
46065
46561
47034
47526
48020
48489
48969
49462
49953
50418
50897
51393
51873
52343
52824
53310
53771
54249
54720
55197
55637
56096
56577
57075
57542
58024
58518
59007
59473
59960
60476
60986
61473
62000
62528
63018
63528
64042
64520
64996
65489
65979
66461
66964
67482
67980
68453
68950
69479
69982
70510
71031
71532
72025
72524
73012
73483
73986
74499
74982
75509
76028
76515
77016
77536
78061
78560
79081
79605
80098
80594
81102
81605
82122
82588
83071
83569
84070
84542
85038
85539
86038
86520
87008
87509
88016
88495
88983
89488
89965
90453
90966
91480
91967
92463
92961
93467
93942
94451
94967
95470
95960
96469
96979
97469
97956
98461
98966
99440
99919
100410
100881
101355
101845
102340
102828
103289
103785
104281
104745
105222
105704
106193
106658
107149
107533
107993
108485
108636
109596
110064
110533
111028
111974
112545
113017
113518
114024
114502
114992
115494
115995
116476
116968
117462
117974
118461
118939
119418
119925
120388
120876
121380
121890
122375
122872
123364
123838
124332
124862
125383
125888
126367
126866
127253
127475
128116
128371
128867
129382
129917
130434
130896
131110
131807
132186
132299
132773
133262
133776
134266
134745
135260
135788
136281
136800
137320
137820
138287
138786
139305
139798
140318
140852
141363
141835
142327
142837
143316
143806
144355
144868
145369
145866
146379
146907
147428
147906
148402
148900
149450
149889
