796
1302
1774
2273
2779
3251
3738
4220
4702
5202
5715
6192
6683
7195
7677
8182
8684
9164
9672
10180
10662
11174
11664
12147
12649
13145
13622
14124
14620
15091
15599
16106
16620
17104
17586
18079
18550
19013
19496
19979
20443
20920
21411
21875
22369
22877
23378
23870
24374
24885
25367
25859
26361
26849
27315
27805
28300
28784
29270
29769
30250
30723
31226
31731
32213
32732
33237
33734
34237
34726
35220
35739
36247
36732
37244
37768
38282
38770
39286
39795
40267
40782
41299
41795
42289
42798
43277
43778
44287
44767
45258
45765
46270
46759
47290
47810
48306
48817
49334
49829
50297
50796
51305
51817
52292
52801
53308
53817
54293
54778
55318
55747
56200
56654
57160
57544
57994
58446
58900
59358
59798
60280
60773
61236
61720
62216
62678
63174
63658
64149
64657
65186
65672
66174
66699
67228
67737
68266
68812
69339
69840
70383
70905
71401
71919
72464
72957
73486
74005
74507
74996
75517
76038
76525
77024
77536
78016
78498
78999
79502
79977
80474
80985
81492
81970
82458
82955
83450
83921
84419
84922
85424
85891
86373
86889
87418
87914
88388
88879
89371
89837
90326
90820
91281
91760
92255
92717
93209
93720
94230
94726
95247
95771
96263
96773
97250
97722
98212
98711
99176
99658
100157
100635
101150
101685
102203
102725
103285
103811
104289
104776
105275
105788
106281
106797
107029
107638
108174
108390
108922
109459
109988
110493
111011
111508
112003
112510
113051
113542
114041
114549
115051
115553
116039
116551
117052
117553
118056
118569
119011
119462
119900
120370
120836
121287
121760
122253
122726
123232
123753
124257
124797
125323
125865
126359
126873
127395
127890
128422
128949
129435
129958
130450
130967
131490
132010
132491
132984
133486
133992
134455
134942
135465
135967
136435
136902
137397
137901
138400
138924
139451
139941
140458
140982
141483
141963
142457
142964
143466
143947
144441
144938
145415
145907
146433
146923
147447
147980
148515
149009
149539
