516
969
1447
1911
2372
2835
3307
3776
4224
4686
5156
5618
6064
6517
6981
7436
7881
8334
8796
9252
9696
10142
10588
11027
11463
11900
12347
12800
13254
13699
14161
14624
15095
15540
15977
16423
16860
17298
17735
18172
18627
19080
19518
19955
20408
20844
21265
21694
22130
22558
22978
23405
23835
24271
24684
25119
25556
25985
26405
26842
27278
27714
28135
28563
29000
29435
29855
30285
30729
31165
31594
32040
32485
32930
33359
33802
34247
34678
35113
35551
36003
36441
36878
37340
37794
38246
38692
39146
39600
40037
40473
40919
41347
41792
42245
42706
43152
43581
44025
44471
44916
45354
45799
46244
46682
47110
47546
47983
48428
48851
49285
49731
50169
50597
51042
51486
51917
52346
52799
53260
53690
54134
54579
55018
55446
55865
56304
56749
57196
57630
58068
58514
58958
59388
59841
60303
60750
61194
61648
62094
62531
62969
63407
63853
64297
64725
65171
65598
66010
66422
66852
67264
67691
68121
68550
68970
69415
69853
70291
70720
71163
71601
72031
72475
72922
73358
73795
74241
74678
75108
75554
76007
76445
76883
77338
77792
78228
78666
79120
79557
79986
80431
80877
81314
81775
82238
82691
83136
83590
84043
84480
84927
85379
85816
86252
86690
87126
87554
87991
88437
88881
89309
89754
90207
90651
91082
91525
91964
92392
92827
93273
93711
94146
94592
95045
95483
95911
96356
96801
97237
97665
98103
98547
98968
99388
99823
100252
100671
101082
101512
101947
102368
102796
103235
103678
104097
104527
104963
105393
105828
106274
106726
107183
107619
108063
108500
108945
109365
109801
110246
110684
111120
111565
112010
112456
112900
113345
113790
114226
114648
115084
115529
115973
116403
116848
117293
117737
118166
118611
119056
119491
119921
120365
120795
121223
121667
122130
122591
123029
123481
123936
124397
124843
125296
125759
126237
126684
127146
127616
128087
128541
129003
129466
129920
130365
130829
131291
131751
132196
132659
133114
133561
134004
134459
134921
135360
135804
136251
136704
137149
137595
138050
138520
138965
139404
139850
140277
140681
141077
141489
141900
142312
142750
143188
143631
144070
144525
144978
145415
145868
146314
146743
147180
147617
148054
148475
148912
149358
149803
