218
671
1125
1578
2024
2478
2923
3368
3839
4268
4712
5175
5628
6073
6529
6991
7445
7906
8368
8814
9253
9714
10159
10605
11058
11505
11950
12387
12832
13278
13714
14161
14616
15061
15522
15986
16447
16909
17373
17825
18280
18742
19188
19640
20095
20565
21018
21448
21910
22366
22811
23282
23758
24214
24693
25198
25669
26145
26634
27131
27593
28072
28552
29022
29517
30031
30528
31013
31502
32011
32484
32957
33434
33888
34335
34805
35277
35714
36169
36647
37102
37555
38034
38529
39000
39497
39983
40469
40960
41439
41893
42347
42818
43299
43769
44264
44743
45215
45719
46224
46701
47181
47678
48164
48626
49066
49544
50032
50543
51015
51504
52017
52493
52990
53467
53940
54419
54908
55368
55831
56317
56798
57284
57789
58270
58740
59250
59757
60250
60756
61251
61756
62288
62804
63336
63847
64368
64913
65427
65924
66434
66913
67366
67856
68331
68780
69257
69709
70149
70619
71090
71544
72008
72475
72924
73417
73921
74377
74865
75352
75821
76310
76791
77259
77740
78227
78689
79176
79654
80101
80562
81032
81470
81908
82361
82799
83236
83698
84159
84613
85083
85524
85984
86456
86915
87387
87867
88338
88800
89282
89744
90196
90666
91111
91566
92029
92474
92919
93365
93787
94206
94727
95089
95501
95945
96398
96812
97249
97686
98097
98509
98938
99359
99788
100209
100637
101074
101509
101933
102384
102823
103252
103703
104148
104586
105017
105438
105881
106310
106734
107169
107598
108034
108463
108884
109305
109716
110135
110554
110966
111373
111792
112205
112624
113045
113465
113878
114306
114727
115163
115608
116040
116483
116906
117332
117751
118157
118576
118989
119408
119837
120266
120685
121114
121541
121953
122370
122787
123192
123602
123998
124392
124763
125126
125487
125830
126173
126528
126914
127335
127722
128202
128638
129084
129560
130033
130471
130931
131378
131823
132252
132696
133137
133556
133992
134434
134868
135293
135729
136176
136603
137015
137461
137906
138333
138764
139223
139679
140109
140571
141024
141468
141904
142350
142804
143233
143694
144147
144628
145028
145507
145953
146398
146861
147316
147752
148205
148667
149122
149567
