125
461
813
1133
1452
1712
2082
2435
2770
3131
3483
3835
4172
4483
4835
5179
5506
5851
6178
6556
6942
7327
7705
8101
8470
8847
9208
9578
9939
10292
10644
10989
11334
11694
12047
12408
12770
13122
13458
13810
14163
14508
14852
15179
15499
15827
16171
16516
16860
17213
17574
17886
18196
18541
18885
19221
19582
19952
20304
20624
20968
21278
21615
21967
22328
22672
23000
23352
23698
24057
24394
24730
25058
25402
25747
26099
26452
26796
27124
27476
27829
28166
28510
28846
29200
29519
29872
30232
30570
30905
31259
31603
31931
32284
32637
32974
33327
33671
34007
34352
34714
35058
35395
35739
36051
36387
36723
37093
37472
37833
38186
38530
38859
39230
39582
39927
40289
40650
41019
41356
41701
42020
42324
42668
42979
43323
43643
43979
44290
44635
44972
45299
45610
45948
46258
46586
46889
47225
47553
47889
48217
48529
48865
49184
49504
49823
50160
50505
50849
51186
51505
51825
52178
52505
52842
53162
53490
53818
54129
54431
54726
55020
55306
55592
55870
56147
56433
56711
57022
57325
57619
57931
58242
58561
58872
59168
59487
59797
60109
60445
60757
61093
61430
61757
62077
62405
62749
63061
63422
63776
64136
64481
64834
65188
65523
65850
66203
66547
66875
67244
67606
67975
68336
68680
69025
69370
69730
70075
70418
70763
71107
71451
71787
72140
72492
72852
73197
73507
73859
74171
74508
74818
75153
75464
75775
76085
76405
76740
77085
77445
77782
78125
78453
78773
79109
79445
79797
80143
80496
80832
81168
81497
81849
82202
82555
82900
83237
83565
83901
84254
84615
84977
85322
85659
85995
86331
86675
87012
87348
87693
88013
88332
88635
88954
89282
89593
89887
90208
90551
90888
91224
91560
91880
92208
92560
92931
93292
93653
93990
94317
94646
94990
95342
95696
96041
96393
96729
97065
97418
97796
98166
98536
98912
99266
99643
100031
100400
100761
101113
101482
101861
102230
102574
102943
103296
103624
103976
104328
104656
104967
105311
105664
105992
106353
106689
107033
107352
107697
108042
108394
108739
109082
109418
109763
110107
110460
110804
111132
111476
111820
112173
112517
112854
113215
113567
113928
114272
114617
114979
115339
115668
116003
116323
116616
116944
117272
117608
117928
118239
118558
118886
119222
119532
119835
120145
120449
120776
121112
121440
121768
122096
122432
122786
123139
123500
123845
124172
124509
124861
125257
125583
125937
126282
126634
126996
127357
127727
128088
128450
128803
129131
129457
129760
130054
130357
130668
130987
131322
131666
131986
132322
132666
133020
133388
133768
134137
134498
134868
135255
135650
136027
136371
136725
137086
137438
137817
138145
138472
138816
139170
139506
139859
140203
140531
140859
141203
141556
141884
142227
142564
142900
143227
143539
143858
144169
144522
144883
145227
145555
145900
146252
146588
146924
147261
147613
147974
148312
148655
149000
149344
149697
