984
1369
1747
2123
2472
2831
3185
3540
3940
4352
4757
5159
5554
5949
6333
6692
7058
7403
7800
8209
8607
9002
9387
9775
10145
10514
10876
11245
11608
12000
12425
12866
13301
13729
14148
14561
14947
15340
15723
16132
16532
16947
17363
17772
18194
18598
18985
19365
19735
20119
20540
20986
21433
21870
22289
22678
23057
23445
23841
24267
24695
25108
25512
25915
26293
26686
27090
27494
27898
28302
28714
29124
29512
29905
30319
30729
31127
31529
31917
32310
32712
33094
33478
33875
34284
34688
35083
35464
35839
36217
36612
36991
37354
37706
38058
38421
38790
39161
39514
39877
40260
40675
41085
41473
41861
42230
42593
42954
43332
43735
44140
44526
44900
45275
45652
46014
46387
46773
47179
47572
47960
48340
48726
49113
49493
49869
50239
50627
51056
51529
51990
52443
52872
53278
53671
54044
54421
54799
55185
55615
56060
56494
56907
57318
57714
58100
58486
58864
59276
59719
60158
60584
61012
61417
61820
62205
62586
62978
63381
63821
64281
64732
65156
65574
65968
66354
66736
67147
67583
68036
68466
68887
69298
69693
70087
70483
70862
71273
71720
72172
72617
73031
73426
73822
74200
74580
74955
75336
75771
76218
76663
77092
77513
77917
78297
78675
79051
79446
79878
80343
80803
81234
81660
82060
82451
82823
83196
83597
84033
84495
84952
85397
85824
86236
86638
86992
87196
87647
87978
88307
88623
88961
89316
89679
90102
90517
90953
91375
91785
92173
92551
92921
93288
93650
94037
94449
94868
95288
95693
96089
96482
96859
97229
97591
97960
98370
98792
99213
99624
100028
100423
100815
101210
101614
102008
102404
102798
103179
103581
104010
104446
104858
105253
105633
105994
106341
106694
107055
107433
107852
108290
108717
109132
109535
109924
110309
110673
111040
111404
111765
112177
112615
113061
113489
113894
114282
114666
115046
115417
115787
116158
116512
116913
117327
117754
118167
118559
118940
119311
119673
120015
120371
120730
121085
121494
121916
122335
122732
123116
123486
123857
124225
124586
124940
125310
125672
126071
126467
126862
127256
127642
128022
128391
128754
129122
129469
129803
130175
130597
131024
131443
131848
132253
132648
133039
133428
133817
134202
134583
134991
135413
135833
136237
136631
137017
137395
137751
138113
138485
138859
139273
139709
140138
140551
140947
141323
141671
142015
142344
142731
143140
143537
143914
144253
144573
144892
145212
145538
145875
146227
146615
147004
147382
147759
148122
148499
148868
149222
149583
149938
