471
788
1099
1402
1697
2007
2309
2603
2898
3191
3493
3796
4107
4425
4745
5057
5375
5687
6013
6341
6669
6998
7324
7643
7962
8281
8602
8922
9240
9558
9871
10198
10526
10861
11182
11508
11835
12164
12500
12836
13164
13490
13820
14154
14490
14810
15129
15440
15759
16078
16398
16716
17020
17331
17649
17969
18303
18623
18935
19252
19564
19875
20178
20479
20774
21067
21361
21654
21950
22268
22579
22898
23209
23519
23822
24133
24451
24771
25090
25402
25712
26023
26343
26663
26991
27318
27638
27956
28276
28606
28941
29261
29580
29899
30228
30556
30891
31218
31532
31852
32178
32513
32842
33171
33497
33817
34146
34490
34827
35154
35482
35811
36145
36473
36810
37138
37457
37776
38096
38408
38711
39014
39323
39626
39928
40223
40525
40836
41149
41475
41795
42107
42418
42720
43031
43350
43662
43972
44275
44577
44872
45173
45462
45755
46049
46351
46661
46964
47267
47571
47881
48199
48520
48847
49167
49484
49796
50109
50426
50730
51040
51351
51661
51964
52267
52570
52882
53200
53527
53846
54158
54468
54788
55115
55450
55780
56106
56419
56746
57089
57427
57761
58088
58409
58737
59071
59408
59728
60047
60364
60684
61011
61339
61666
61985
62312
62649
62992
63329
63656
63990
64327
64671
65015
65351
65677
65997
66325
66660
66996
67324
67650
67977
68313
68650
68985
69313
69633
69959
70288
70630
70966
71286
71612
71940
72267
72588
72898
73209
73518
73814
74116
74418
74729
75055
75375
75694
76011
76324
76658
76978
77307
77632
77945
78263
78590
78917
79244
79563
79876
80200
80521
80856
81183
81537
81829
82165
82493
82828
83147
83459
83784
84113
84440
84759
85071
85389
85709
86034
86355
86675
86994
87306
87630
87951
88278
88605
88923
89235
89555
89882
90216
90536
90847
91199
91493
91820
92141
92452
92770
93074
93376
93678
93987
94299
94611
94929
95246
95551
95869
96196
96531
96859
97186
97507
97840
98176
98521
98858
99201
99531
99874
100217
100555
100890
101218
101554
101898
102241
102568
102897
103233
103585
103905
104232
104560
104893
105233
105559
105879
106215
106560
106902
107230
107566
107902
108239
108575
108902
109246
109567
109910
110253
110582
110903
111237
111566
111908
112237
112564
112884
113212
113539
113858
114170
114496
114816
115128
115445
115759
116085
116413
116748
117070
117394
117716
118050
118388
118729
119059
119388
119730
120068
120420
120756
121084
121412
121747
122085
122428
122764
123092
123429
123766
124118
124471
124808
125145
125488
125824
126169
126506
126835
127162
127497
127827
128162
128482
128801
129120
129439
129767
130095
130423
130743
131063
131390
131725
132063
132399
132727
133055
133391
133743
134088
134424
134753
135096
135441
135786
136123
136451
136778
137098
137426
137754
138073
138385
138703
139022
139333
139636
139947
140267
140594
140923
141259
141586
141914
142235
142570
142916
143250
143587
143923
144260
144615
144966
145303
145631
145959
146294
146639
146968
147295
147622
147959
148304
148641
148977
149313
149909
