407
735
1063
1399
1744
2096
2441
2776
3112
3451
3802
4156
4507
4844
5188
5542
5900
6237
6572
6910
7261
7613
7958
8303
8655
9016
9369
9714
10051
10394
10746
11099
11436
11771
12108
12453
12798
13140
13469
13813
14159
14503
14831
15158
15470
15780
16090
16402
16729
17064
17393
17722
18049
18393
18745
19099
19443
19780
20124
20477
20847
21201
21544
21889
22243
22604
22955
23292
23638
24000
24369
24722
25068
25419
25782
26150
26511
26858
27210
27579
27943
28303
28656
29008
29362
29717
30085
30439
30785
31137
31505
31877
32238
32589
32936
33288
33640
33978
34307
34634
34961
35281
35609
35953
36289
36617
36938
37274
37625
37971
38307
38636
38970
39308
39653
39998
40332
40660
40998
41349
41703
42048
42384
42720
43064
43410
43752
44081
44408
44737
45072
45417
45754
46090
46425
46762
47100
47432
47752
48072
48401
48720
49038
49359
49685
50029
50373
50709
51046
51400
51776
52136
52482
52826
53172
53524
53876
54221
54557
54902
55263
55623
55984
56330
56672
57025
57378
57731
58082
58419
58756
59106
59458
59820
60165
60502
60846
61206
61568
61929
62274
62619
62979
63340
63702
64053
64391
64733
65085
65446
65799
66151
66497
66867
67228
67580
67923
68259
68588
68913
69233
69561
69903
70250
70593
70929
71273
71634
71988
72332
72677
73044
73408
73776
74127
74474
74836
75203
75557
75903
76262
76638
77009
77380
77739
78094
78463
78839
79194
79547
79908
80278
80645
80998
81344
81711
82075
82434
82780
83124
83475
83820
84155
84483
84801
85122
85449
85769
86104
86456
86794
87129
87489
87836
88196
88564
88909
89245
89581
89918
90269
90616
90960
91294
91631
91967
92304
92639
92960
93278
93588
93900
94225
94556
94898
95226
95555
95898
96253
96616
96966
97302
97646
97991
98337
98698
99016
99335
99655
99967
100285
100596
100900
101203
101521
101850
102204
102562
102916
103270
103623
103960
104295
104632
104976
105320
105665
106011
106346
106673
107016
107338
107689
108028
108363
108690
109019
109355
109689
110009
110321
110640
110961
111288
111607
111920
112231
112556
112885
113220
113548
113869
114195
114509
114825
115138
115450
115769
116087
116398
116710
117022
117341
117675
118003
118324
118645
118979
119308
119645
119973
120298
120611
120938
121267
121592
121905
122224
122545
122880
123217
123553
123887
124214
124543
124880
125223
125560
125888
126208
126526
126838
127148
127459
127778
128113
128449
128786
129121
129449
129778
130122
130467
130803
131129
131456
131776
132111
132445
132767
133093
133420
133749
134092
134421
134748
135067
135387
135714
136042
136369
136689
137006
137319
137644
137981
138300
138620
138940
139250
139569
139880
140198
140501
140811
141123
141443
141762
142081
142400
142720
143038
143350
143670
143995
144323
144658
144995
145331
145658
145993
146322
146658
147000
147322
147649
147984
148312
148645
148960
149279
149604
149932
