1458
1816
2883
3560
5684
6010
6355
6703
7055
7403
7746
8082
8423
8766
9113
9462
9807
10146
10474
10805
11135
11472
11815
12169
12523
12870
13211
13557
13906
14257
14609
14959
15298
15632
15968
16306
16649
16995
17332
17666
17995
18330
18672
19021
19378
19730
20078
20420
20764
21461
21809
22153
22492
22823
23155
23495
23841
24194
24545
24909
25252
25619
26312
26661
27010
27371
27724
28070
28412
28757
30233
30606
30922
31260
31618
31970
32330
32697
33064
33422
34829
35186
35555
35898
36252
36581
39409
39744
40098
40446
40787
41130
41480
41834
42190
42546
42894
43232
43573
43918
44268
44617
44958
45291
45617
45950
46294
46656
47036
47413
47781
48136
48482
48833
49181
49537
49894
50242
50589
50933
51281
51632
51985
52339
52685
53027
53369
53713
54065
54415
54758
55097
55430
55767
56107
56453
56793
57128
57454
57782
58112
58449
58792
59135
59473
59805
60139
60473
60811
61153
61493
61826
62152
62475
62802
63134
63473
63815
64152
64486
64815
65150
65486
65823
66159
66489
66814
67133
67453
67779
68113
68458
68808
69154
69492
69824
70157
70491
70827
71162
71492
71819
72148
72480
72820
73162
73498
73824
74149
74470
74787
75097
75407
75719
76037
76357
76675
76996
77330
77671
78014
78358
78694
79024
79351
79682
80020
80366
80720
81064
81404
81740
82082
82427
82777
83130
83476
83814
84150
84493
84842
85198
85552
85896
86230
86564
86905
87251
87603
87959
88307
88645
88982
89324
89670
90025
90383
90747
91108
91459
91808
92156
92495
92829
93161
93497
93836
94182
94531
94877
95219
95559
95905
96256
96614
96977
97337
97688
98029
98371
98718
99070
99428
99788
100144
100490
100827
101164
101505
101850
102204
102554
102898
103241
103587
103942
104310
104668
105013
105353
105696
106033
106386
106725
107056
107384
107730
108075
108424
108775
109109
109457
109803
110157
110515
110868
111221
111557
111905
112257
112610
112960
113308
113646
113987
114324
114670
115016
115368
115719
116056
116399
116752
117107
117466
117820
118180
118515
118851
119210
119569
119919
120266
120598
120959
121298
121678
122030
122396
122723
123066
123403
123750
124102
124466
124816
125176
125522
125867
126208
126556
126910
127277
127628
127966
128632
131392
131739
132100
132434
132788
133126
133452
133822
134141
134497
134805
135162
135503
135828
136265
136538
136884
137573
137921
138268
138618
138964
139311
142057
142410
142766
143106
143481
143809
144140
144482
144835
145170
145499
145825
146158
146509
146853
147206
147550
147892
148237
148588
148933
149278
149608
