1894
2339
2667
3011
3372
3716
4069
4430
4598
5102
5446
5749
6168
6521
6874
7159
7554
7907
8251
8603
8956
9309
9628
9981
10325
10711
11064
11375
11702
12113
12449
12785
13129
13490
13818
14179
14515
14842
15195
15514
15875
16236
16421
16908
17193
17789
17949
18293
18630
18915
19234
19637
19822
20158
20317
20653
20981
21325
22006
22191
22560
22703
23409
23611
24090
24409
24779
25518
25703
25855
26460
26880
27216
27889
28200
28889
29596
29949
30310
30630
30974
31319
31680
32025
32361
33059
33395
33739
34084
34437
34790
35143
35487
35849
36202
36572
36933
37109
37622
37823
38319
38680
39042
39184
39563
39738
40083
40402
40672
41142
41327
41495
42209
42528
42763
43284
43638
43990
44285
44679
45040
45385
45738
46082
46435
46771
47132
47485
47829
48182
48391
48803
49248
49584
49929
50138
50475
50911
51247
51558
51886
52221
52415
52784
53220
53565
53892
54228
54421
54757
54917
55236
55596
55949
56294
56638
56982
57326
57536
57847
57889
58359
58695
59047
59375
59736
60097
60265
60777
61045
61483
61819
62163
62440
62768
63045
63331
63675
64128
64380
64885
65078
65212
65741
65774
65925
66278
66606
66942
67295
67640
67967
68312
68606
69027
69321
69901
69977
70246
70599
71061
71490
71759
72163
73231
73584
73929
74265
74618
74971
75316
75510
75863
76022
76367
76703
77048
77393
77746
78032
78444
78781
79125
79478
79815
80209
80546
80891
81210
81597
81807
82320
82673
83026
83379
83724
83925
83959
84455
84808
85136
85523
85876
86094
86524
86809
87170
87347
87692
88045
88348
88768
89440
89843
90029
90810
91087
91331
91827
92138
92515
92700
93590
94613
95319
95596
96108
96670
97543
98408
99256
99441
99794
100247
100667
101162
101373
102262
102582
102783
103136
103430
103875
104051
104573
104858
105177
105950
106538
106892
108060
108682
109413
109766
110103
110464
110808
111153
111489
111817
112111
112464
112792
113136
113472
113859
114219
114564
114918
115278
115530
115824
115991
116353
116705
117058
117402
117738
118099
118468
118830
119174
119527
119879
120215
120593
120954
121315
121584
122021
122374
122567
122953
123457
123793
124154
124499
124844
125037
125424
125936
126298
126491
126970
127298
127668
128021
128416
128795
129173
129543
129905
130258
130619
130989
131349
131710
132055
132383
132735
133088
133432
133768
134146
134490
134834
135145
135530
135782
136244
136605
136932
137260
137495
137964
138275
138662
139014
139367
139535
140055
140223
141072
141198
141584
141752
142348
142743
142936
143809
144146
144330
144826
145170
145489
145816
146161
147060
147143
147294
147781
148126
148806
149007
149100
149461
