2339
4598
5102
12113
16421
16908
17789
17949
19637
19822
20317
22006
22191
22703
23409
23611
24090
25518
25703
25855
26460
27216
27889
28200
28889
29596
33059
37109
37622
37823
38319
39184
39738
41142
42209
42528
43284
48391
50138
50911
52415
54421
54917
57536
57889
58359
60265
60777
61045
61483
64128
64380
64885
65078
65212
65742
65775
65926
69028
69902
69978
70600
71062
71491
72164
73232
75511
76023
78445
81808
82321
83926
83960
84456
86095
86525
87171
87348
88769
89441
89844
90030
90811
91828
92701
93591
94614
95320
95597
96109
96671
97544
98409
99257
99442
101163
101374
102263
102583
102784
